4020.0 4.83193112904
4029.2 4.76765705693
4038.4 4.79020939902
4047.6 4.52270016461
4056.8 4.29914208153
4066.0 4.44549607754
4075.2 4.35989735444
4084.4 4.53784124009
4093.6 4.10346120841
4102.8 4.21518008767
4112.0 4.36441897437
4121.2 4.28944086696
4130.4 4.38362216266
4139.6 4.13994530341
4148.8 4.1241777834
4158.0 3.9267548889
4167.2 4.00396875607
4176.4 4.0968538141
4185.6 3.91650464231
4194.8 4.10626248043
4204.0 3.89383334743
4213.2 4.00771007795
4222.4 4.00015260332
4231.6 3.93585456802
4240.8 4.0021011344
4250.0 3.82173337366
4259.2 3.89266784754
4268.4 3.94068675237
4277.6 3.84629302756
4286.8 3.81582028224
4296.0 3.78086233956
4305.2 3.82584746696
4314.4 3.70999569739
4323.6 3.80510754068
4332.8 3.43945902935
4342.0 3.80261251497
4351.2 3.75541685495
4360.4 3.52503054191
4369.6 3.66851473576
4378.8 3.60831153782
4388.0 3.59054916713
4397.2 3.65122330785
4406.4 3.59834934835
4415.6 3.84897495355
4424.8 3.565533308
4434.0 3.37167223674
4443.2 3.52338575624
4452.4 3.35405049132
4461.6 3.35484338387
4470.8 3.38864470582
4480.0 3.38308972493
4489.2 3.36050884299
4498.4 3.29608926327
4507.6 3.17721754709
4516.8 3.30124117286
4526.0 3.38298208236
4535.2 3.21746502839
4544.4 3.20508312525
4553.6 3.2788778882
4562.8 3.24135152966
4572.0 3.23628062055
4581.2 3.21180784032
4590.4 3.18489712823
4599.6 3.16770790135
4608.8 3.10296615875
4618.0 3.14856879661
4627.2 3.16000697024
4636.4 3.10701538967
4645.6 3.15030001461
4654.8 3.1402343701
4664.0 3.11277208165
4673.2 3.04764943652
4682.4 3.06639576324
4691.6 3.05113723464
4700.8 3.07801067818
4710.0 3.09161839683
4719.2 3.08077450089
4728.4 3.0085584218
4737.6 3.04173576551
4746.8 2.98894832744
4756.0 3.01858551437
4765.2 2.99461392489
4774.4 3.01136142161
4783.6 2.97793787148
4792.8 3.03512794571
4802.0 2.94225897047
4811.2 2.94289170994
4820.4 2.9626590272
4829.6 2.8693268254
4838.8 2.95058420202
4848.0 2.92612777572
4857.2 2.98870895974
4866.4 2.97252076193
4875.6 2.91802061401
4884.8 2.89816899662
4894.0 2.87123051702
4903.2 2.91107508601
4912.4 2.82681423445
4921.6 2.94118885772
4930.8 2.81153957737
4940.0 2.84141882078
4949.2 2.76188413317
4958.4 2.74348136565
4967.6 2.82484155755
4976.8 2.78075331305
4986.0 2.74238036894
4995.2 2.72847813039
5004.4 2.78947814354
5013.6 2.79212814928
5022.8 2.77634881971
5032.0 2.77731961712
5041.2 2.74061410002
5050.4 2.75273546192
5059.6 2.70409068609
5068.8 2.71529615273
5078.0 2.70455146487
5087.2 2.64970218257
5096.4 2.68036493611
5105.6 2.62284847742
5114.8 2.63496580221
5124.0 2.6873108844
5133.2 2.64905051995
5142.4 2.64572836717
5151.6 2.66292677368
5160.8 2.65536423071
5170.0 2.63134151654
5179.2 2.63039086537
5188.4 2.61101732939
5197.6 2.5907038215
5206.8 2.60652389536
5216.0 2.59470448684
5225.2 2.59447127259
5234.4 2.60042142786
5243.6 2.55943218615
5252.8 2.54391609432
5262.0 2.54815383856
5271.2 2.52851520887
5280.4 2.5128621711
5289.6 2.52279103456
5298.8 2.55281572607
5308.0 2.47416412871
5317.2 2.50843543468
5326.4 2.46428043679
5335.6 2.52150578793
5344.8 2.48760661079
5354.0 2.44926571381
5363.2 2.47702240519
5372.4 2.45313236005
5381.6 2.42567588409
5390.8 2.42288999185
5400.0 2.42201396647
5409.2 2.44250614783
5418.4 2.45187585685
5427.6 2.42213289824
5436.8 2.39401005327
5446.0 2.40253365603
5455.2 2.37326169738
5464.4 2.36540327398
5473.6 2.37430415648
5482.8 2.36651013541
5492.0 2.36294504929
5501.2 2.33648465548
5510.4 2.35060809794
5519.6 2.34122135483
5528.8 2.32018311463
5538.0 2.31608206374
5547.2 2.31602412375
5556.4 2.31362246136
5565.6 2.29909402006
5574.8 2.2730136508
5584.0 2.31322395926
5593.2 2.29195986969
5602.4 2.25102112584
5611.6 2.22946972182
5620.8 2.22226261612
5630.0 2.20957586515
5639.2 2.19606325062
5648.4 2.18788469275
5657.6 2.19055843348
5666.8 2.15865266396
5676.0 2.1192540068
5685.2 2.15218674182
5694.4 2.11413665544
5703.6 2.10219220752
5712.8 2.11587843233
5722.0 2.08570103849
5731.2 2.06922056979
5740.4 2.09427964137
5749.6 2.07738331875
5758.8 2.02552231912
5768.0 2.03249421144
5777.2 2.01831805883
5786.4 1.99399387982
5795.6 1.984312133
5804.8 1.95564656009
5814.0 1.94960442733
5823.2 1.96440748844
5832.4 1.93621845062
5841.6 1.93204702847
5850.8 1.90920387892
5860.0 1.93100990299
5869.2 1.87915018679
5878.4 1.96819607769
5887.6 1.86175605709
5896.8 1.8460774522
5906.0 1.84838825719
5915.2 1.85151135108
5924.4 1.85003575084
5933.6 1.82968432024
5942.8 1.8371954659
5952.0 1.81282379219
5961.2 1.79546248725
5970.4 1.77523113097
5979.6 1.76777434078
5988.8 1.79114671366
5998.0 1.77857663497
6007.2 1.78393863591
6016.4 1.74661876195
6025.6 1.71665699488
6034.8 1.70643908365
6044.0 1.77467590006
6053.2 1.68023496292
6062.4 1.70543157297
6071.6 1.67617214126
6080.8 1.67804534837
6090.0 1.68252280991
6099.2 1.64534435387
6108.4 1.63254762796
6117.6 1.64200512739
6126.8 1.64542266908
6136.0 1.59998076455
6145.2 1.60293675343
6154.4 1.60730551777
6163.6 1.59401247534
6172.8 1.57282980087
6182.0 1.5390168925
6191.2 1.53637194769
6200.4 1.55302332408
6209.6 1.5362432983
6218.8 1.54407448232
6228.0 1.52633883095
6237.2 1.50950024252
6246.4 1.49833270788
6255.6 1.50121593049
6264.8 1.48046533622
6274.0 1.48469234059
6283.2 1.48827802472
6292.4 1.42901571861
6301.6 1.4332922001
6310.8 1.44283798682
6320.0 1.43255548242
6329.2 1.41501320583
6338.4 1.43322019815
6347.6 1.40863429277
6356.8 1.41207445136
6366.0 1.4161714352
6375.2 1.38384719181
6384.4 1.40643073661
6393.6 1.39122353797
6402.8 1.3851220018
6412.0 1.36938922355
6421.2 1.36705264417
6430.4 1.37769102398
6439.6 1.36520204828
6448.8 1.37545779777
6458.0 1.35548502844
6467.2 1.33928309793
6476.4 1.34732710645
6485.6 1.32078174615
6494.8 1.34533596036
6504.0 1.31831358037
6513.2 1.31152151306
6522.4 1.30055048352
6531.6 1.28440436265
6540.8 1.29592312043
6550.0 1.27344544536
6559.2 1.28318776311
6568.4 1.28431025122
6577.6 1.29488664273
6586.8 1.26671667167
6596.0 1.23303126062
6605.2 1.22241851913
6614.4 1.23824813338
6623.6 1.2254935988
6632.8 1.23883683323
6642.0 1.2342583921
6651.2 1.28970114712
6660.4 1.2225866358
6669.6 1.1926533605
6678.8 1.22238496514
6688.0 1.20443347327
6697.2 1.17824342565
6706.4 1.15428623556
6715.6 1.15641945962
6724.8 1.15901550631
6734.0 1.17936336921
6743.2 1.1453960634
6752.4 1.13284033792
6761.6 1.1437653307
6770.8 1.13583711769
6780.0 1.11945389396
6789.2 1.11574145446
6798.4 1.11871483551
6807.6 1.11464325707
6816.8 1.10585065017
6826.0 1.09882045178
6835.2 1.09492086473
6844.4 1.08702335839
6853.6 1.07852536456
6862.8 1.07789597702
6872.0 1.1455791865
6881.2 1.02454889522
6890.4 1.07749300472
6899.6 1.01959606622
6908.8 1.01567859762
6918.0 1.04170204113
6927.2 1.05030313184
6936.4 1.02296402362
6945.6 1.01806482948
6954.8 1.02180790343
6964.0 1.01804638582
6973.2 0.99959569859
6982.4 0.987147655939
6991.6 0.996377307786
7000.8 1.0
7010.0 0.978947881648
7019.2 1.00214825736
7028.4 0.961070092061
7037.6 0.961760994176
7046.8 0.942859585077
7056.0 0.94843436238
7065.2 0.981755310645
7074.4 0.979798427132
7083.6 0.919030932202
7092.8 0.937274614525
7102.0 0.94170260687
7111.2 0.925816066365
7120.4 0.894684621614
7129.6 0.914680314864
7138.8 0.909656324462
7148.0 0.895046161063
7157.2 0.914581878452
7166.4 0.903043965134
7175.6 0.903118371888
7184.8 0.897136323427
7194.0 0.918374043529
7203.2 0.90341623065
7212.4 0.868394344063
7221.6 0.892561935898
7230.8 0.876879773628
7240.0 0.866611981765
7249.2 0.862145812575
7258.4 0.872272917581
7267.6 0.882091842178
7276.8 0.88346592504
7286.0 0.8415154913
7295.2 0.873440217996
7304.4 0.863860688506
7313.6 0.840549115202
7322.8 0.833445384117
7332.0 0.840070180195
7341.2 0.827341860229
7350.4 0.836635034731
7359.6 0.834523477134
7368.8 0.815651870335
7378.0 0.797457248164
7387.2 0.810502849458
7396.4 0.803149472741
7405.6 0.818074567131
7414.8 0.804785385767
7424.0 0.969922792751
7433.2 0.787192429261
7442.4 0.883375825817
7451.6 0.829155659082
7460.8 0.776457691132
7470.0 0.797022612948
7479.2 0.795475750134
7488.4 0.772164668563
7497.6 0.786885698776
7506.8 0.812755320872
7516.0 0.785512933024
7525.2 0.768621900503
7534.4 0.799171468217
7543.6 0.791815902602
7552.8 0.762605237498
7562.0 0.769514924854
7571.2 0.765927797267
7580.4 0.750934942828
7589.6 0.79555894543
7598.8 0.953900856448
7608.0 0.751744973244
7617.2 0.607417344659
7626.4 0.792994375472
7635.6 0.663743871973
7644.8 0.703369797103
7654.0 0.716633497667
7663.2 0.721460445262
7672.4 0.68312623765
7681.6 0.722522760201
7690.8 0.7055419331
7700.0 0.710366949114
7709.2 0.704330759511
7718.4 0.731054683427
7727.6 0.71913801673
7736.8 0.677448088103
7746.0 0.700422155127
7755.2 0.689738426467
7764.4 0.670197380006
7773.6 0.690534207784
7782.8 0.661412627545
7792.0 0.646112232835
7801.2 0.649012110961
7810.4 0.645553681358
7819.6 0.643990487536
7828.8 0.624415838393
7838.0 0.61128166492
7847.2 0.676013168587
7856.4 0.612437651849
7865.6 0.618224975324
7874.8 0.581763406944
7884.0 0.59648452458
7893.2 0.64322674113
7902.4 0.644595838812
7911.6 0.610050032864
7920.8 0.595985294509
7930.0 0.605079294887
7939.2 0.656839285493
7948.4 0.577599506872
7957.6 0.606636708779
7966.8 0.604582421832
7976.0 0.596242866109
7985.2 0.563151609382
7994.4 0.609445254856
