4020.0 4.09438589408
4029.2 4.90183928808
4038.4 4.40004680892
4047.6 4.25213015127
4056.8 4.33873360904
4066.0 4.27407831562
4075.2 4.07764330763
4084.4 4.20520017726
4093.6 4.14881287308
4102.8 4.4406471227
4112.0 3.97036360044
4121.2 4.2201365369
4130.4 4.38764248383
4139.6 3.98408491443
4148.8 4.11229261056
4158.0 3.92044561032
4167.2 3.81746121938
4176.4 4.03351602009
4185.6 3.87367868741
4194.8 3.73372823143
4204.0 3.81487566472
4213.2 3.86806483801
4222.4 3.87770969324
4231.6 3.73218590127
4240.8 3.71340511883
4250.0 3.79160533753
4259.2 3.74495812281
4268.4 3.69138874904
4277.6 3.46948076754
4286.8 3.64782792919
4296.0 3.53921171346
4305.2 3.5192563076
4314.4 3.65659461509
4323.6 3.57506535493
4332.8 3.37949830312
4342.0 3.56375559776
4351.2 3.45404990646
4360.4 3.44800946796
4369.6 3.46992306791
4378.8 3.45872488803
4388.0 3.59699818832
4397.2 3.4593520916
4406.4 3.50004826519
4415.6 3.34032013018
4424.8 3.30139227526
4434.0 3.18816802487
4443.2 3.30246479482
4452.4 3.23059328644
4461.6 3.22081522407
4470.8 3.23302765008
4480.0 3.17150257522
4489.2 3.26888188361
4498.4 3.08585217751
4507.6 2.99725021659
4516.8 3.16481018036
4526.0 3.2839699878
4535.2 3.22066033555
4544.4 3.08283478082
4553.6 3.07329588943
4562.8 3.03926254544
4572.0 3.13749872099
4581.2 3.06638940653
4590.4 3.12700237429
4599.6 3.0384362498
4608.8 2.94919213279
4618.0 3.00564588288
4627.2 2.88135310038
4636.4 2.96439966264
4645.6 3.00177028146
4654.8 2.96909229129
4664.0 2.84452708737
4673.2 2.92842128932
4682.4 2.91636923292
4691.6 2.86919350129
4700.8 2.85785711222
4710.0 2.8943913005
4719.2 2.91015807756
4728.4 2.8693099372
4737.6 2.86426381732
4746.8 2.82634149399
4756.0 2.84519406561
4765.2 2.82498721817
4774.4 2.82215838792
4783.6 2.82466693173
4792.8 2.7718420642
4802.0 2.80174914551
4811.2 2.75644885523
4820.4 2.7119170316
4829.6 2.69299797852
4838.8 2.82030466211
4848.0 2.70005224681
4857.2 2.77752801342
4866.4 2.7744773199
4875.6 2.71060404942
4884.8 2.7396998286
4894.0 2.68948867287
4903.2 2.72034341269
4912.4 2.63325067616
4921.6 2.7122135479
4930.8 2.70945212772
4940.0 2.6426135636
4949.2 2.64908516911
4958.4 2.62008663654
4967.6 2.62636780327
4976.8 2.59974075258
4986.0 2.5968942681
4995.2 2.61556494364
5004.4 2.64543273916
5013.6 2.6247658586
5022.8 2.57134410893
5032.0 2.58341690492
5041.2 2.52788597205
5050.4 2.60803289562
5059.6 2.54664521268
5068.8 2.60844234713
5078.0 2.56607166572
5087.2 2.50458245326
5096.4 2.53549682181
5105.6 2.45349022339
5114.8 2.47314490019
5124.0 2.51713150784
5133.2 2.46404329919
5142.4 2.49837777849
5151.6 2.47004108816
5160.8 2.48126370098
5170.0 2.44362580984
5179.2 2.46499645813
5188.4 2.42617578172
5197.6 2.47906370306
5206.8 2.44765020542
5216.0 2.415727304
5225.2 2.42655560913
5234.4 2.41225385725
5243.6 2.40216722875
5252.8 2.36246472629
5262.0 2.37491691893
5271.2 2.37691905442
5280.4 2.35548545505
5289.6 2.31028624337
5298.8 2.31414946778
5308.0 2.315312479
5317.2 2.28744970545
5326.4 2.3542825557
5335.6 2.32639335493
5344.8 2.3095578017
5354.0 2.31091769326
5363.2 2.28198702898
5372.4 2.27108917544
5381.6 2.281836447
5390.8 2.25622105011
5400.0 2.2560258111
5409.2 2.262633257
5418.4 2.26313069143
5427.6 2.2367505946
5436.8 2.24229719836
5446.0 2.17426390413
5455.2 2.23475301049
5464.4 2.20268289184
5473.6 2.19429809011
5482.8 2.21146897092
5492.0 2.21167248344
5501.2 2.2089843594
5510.4 2.21110080243
5519.6 2.16866090402
5528.8 2.12308898753
5538.0 2.15820189383
5547.2 2.14474772757
5556.4 2.12871904463
5565.6 2.11713629004
5574.8 2.14514892244
5584.0 2.12385151918
5593.2 2.1018766727
5602.4 2.10312270257
5611.6 2.08622738028
5620.8 2.08424032887
5630.0 2.07967690204
5639.2 2.04592481962
5648.4 2.00521975061
5657.6 1.98057909021
5666.8 1.99492008432
5676.0 1.99027392773
5685.2 2.00053739378
5694.4 1.99308243475
5703.6 1.96950617174
5712.8 1.9665504089
5722.0 1.94173276703
5731.2 1.92140508074
5740.4 1.95329094653
5749.6 1.90114722561
5758.8 1.89504480244
5768.0 1.89455200711
5777.2 1.86018536558
5786.4 1.84696965671
5795.6 1.87297939466
5804.8 1.85116761271
5814.0 1.84298356003
5823.2 1.84954544162
5832.4 1.82177066371
5841.6 1.80418154364
5850.8 1.81475792524
5860.0 1.7877807873
5869.2 1.78695360018
5878.4 1.83049854095
5887.6 1.75979031085
5896.8 1.79122642425
5906.0 1.76914731299
5915.2 1.74209053067
5924.4 1.77059801803
5933.6 1.73522965184
5942.8 1.70698849699
5952.0 1.7372103583
5961.2 1.70738976018
5970.4 1.67686442736
5979.6 1.68661014837
5988.8 1.65077301502
5998.0 1.66165273152
6007.2 1.66326995815
6016.4 1.67675578737
6025.6 1.65009563993
6034.8 1.61329798106
6044.0 1.6351039148
6053.2 1.62074067926
6062.4 1.59183532732
6071.6 1.60170820998
6080.8 1.57228465301
6090.0 1.59198384331
6099.2 1.56886490614
6108.4 1.57370802595
6117.6 1.54108595478
6126.8 1.56609850121
6136.0 1.5483194683
6145.2 1.52343991729
6154.4 1.51989115992
6163.6 1.54259539027
6172.8 1.5027221539
6182.0 1.48222824493
6191.2 1.45188482421
6200.4 1.47946458227
6209.6 1.48177283926
6218.8 1.47606792265
6228.0 1.46895055322
6237.2 1.4538962878
6246.4 1.45724296895
6255.6 1.42461860232
6264.8 1.42485448892
6274.0 1.39138067675
6283.2 1.39584805191
6292.4 1.40088454159
6301.6 1.42153077185
6310.8 1.36918131535
6320.0 1.37827051075
6329.2 1.35753334864
6338.4 1.3945689797
6347.6 1.38279255314
6356.8 1.35077143185
6366.0 1.36946346279
6375.2 1.33547429693
6384.4 1.35407912863
6393.6 1.34208508439
6402.8 1.35269896754
6412.0 1.31747209078
6421.2 1.33404900261
6430.4 1.33268613084
6439.6 1.35038784306
6448.8 1.30309601397
6458.0 1.28591673235
6467.2 1.30158511358
6476.4 1.31368376035
6485.6 1.30697089165
6494.8 1.32033289465
6504.0 1.25848502545
6513.2 1.26524998985
6522.4 1.25645169427
6531.6 1.2440323021
6540.8 1.23859191836
6550.0 1.2331163595
6559.2 1.20700167193
6568.4 1.25539285891
6577.6 1.26098615046
6586.8 1.24866848889
6596.0 1.19508217112
6605.2 1.1641756232
6614.4 1.22017832555
6623.6 1.18818023219
6632.8 1.21445356184
6642.0 1.20214660027
6651.2 1.28357429913
6660.4 1.22830886424
6669.6 1.19559404193
6678.8 1.21909727537
6688.0 1.18116930034
6697.2 1.14236198174
6706.4 1.15567944356
6715.6 1.16048965971
6724.8 1.13337991255
6734.0 1.12516110555
6743.2 1.10987564315
6752.4 1.1052316768
6761.6 1.11270314472
6770.8 1.12905099033
6780.0 1.11253641109
6789.2 1.09156842295
6798.4 1.10612621993
6807.6 1.13178767126
6816.8 1.12393890438
6826.0 1.12154183216
6835.2 1.09272366789
6844.4 1.07710521493
6853.6 1.07336697265
6862.8 1.00417240656
6872.0 1.04004021641
6881.2 1.1316442083
6890.4 1.05360990747
6899.6 1.0595670124
6908.8 1.0566758245
6918.0 1.05806631061
6927.2 1.05419475645
6936.4 1.01658265348
6945.6 1.01589005159
6954.8 1.02945480135
6964.0 1.04221642889
6973.2 0.9811974838
6982.4 1.01386087372
6991.6 1.01278338494
7000.8 1.0
7010.0 0.98181969286
7019.2 0.986253974572
7028.4 0.986654854369
7037.6 0.989740678029
7046.8 0.973463005267
7056.0 0.953476143269
7065.2 0.981022043245
7074.4 0.992968228732
7083.6 0.936882982307
7092.8 0.93939968649
7102.0 0.939977813936
7111.2 0.924524873065
7120.4 0.91046524373
7129.6 0.940723614557
7138.8 0.948295860526
7148.0 0.93776198775
7157.2 0.917482078004
7166.4 0.920792658471
7175.6 0.930719565934
7184.8 0.940861864238
7194.0 0.958441460686
7203.2 0.953339403579
7212.4 0.950823191445
7221.6 0.890250240379
7230.8 0.899305379249
7240.0 0.902706705133
7249.2 0.888617311386
7258.4 0.876308164686
7267.6 0.867168106794
7276.8 0.905271842011
7286.0 0.908803001813
7295.2 0.88452673358
7304.4 0.851539045414
7313.6 0.909534908905
7322.8 0.910095963324
7332.0 0.845718748905
7341.2 0.820745202791
7350.4 0.869673277419
7359.6 0.843772540764
7368.8 0.850131143183
7378.0 0.836937728181
7387.2 0.850569436617
7396.4 0.842329704732
7405.6 0.815311925574
7414.8 0.852210378532
7424.0 0.836555516792
7433.2 0.815738138617
7442.4 0.804723930561
7451.6 0.814242368386
7460.8 0.804662911613
7470.0 0.80437360571
7479.2 0.782276220967
7488.4 0.797465553619
7497.6 0.809174577368
7506.8 0.777074282232
7516.0 0.813907858913
7525.2 0.814937693284
7534.4 0.779380656247
7543.6 0.770008753072
7552.8 0.811214988998
7562.0 0.763640874677
7571.2 0.793657818724
7580.4 0.777211258592
7589.6 0.64161242527
7598.8 0.512407574196
7608.0 0.983840925302
7617.2 0.874288944557
7626.4 0.685230622069
7635.6 0.829260680968
7644.8 0.867538163729
7654.0 0.782487165456
7663.2 0.780436830789
7672.4 0.820396486254
7681.6 0.741013496863
7690.8 0.719556994334
7700.0 0.778410020998
7709.2 0.751219901266
7718.4 0.7356134901
7727.6 0.719781881492
7736.8 0.776297317203
7746.0 0.802804226186
7755.2 0.704132765015
7764.4 0.651931081547
7773.6 0.694830171374
7782.8 0.671844390111
7792.0 0.671590164992
7801.2 0.699860651796
7810.4 0.733410053132
7819.6 0.660684452338
7828.8 0.711007584406
7838.0 0.69901694944
7847.2 0.640670120609
7856.4 0.694260967632
7865.6 0.678068429623
7874.8 0.735864990563
7884.0 0.708096294035
7893.2 0.672966297515
7902.4 0.66138596348
7911.6 0.717477832994
7920.8 0.715868696214
7930.0 0.689584799974
7939.2 0.667237067669
7948.4 0.718518041368
7957.6 0.689597666901
7966.8 0.660472670623
7976.0 0.679342364695
7985.2 0.734686384052
7994.4 0.718005207895
