4020.0 4.31074586343
4029.19999977 5.05151214589
4038.39999955 4.68115663995
4047.59999932 4.3598170219
4056.7999991 4.59082461785
4065.99999887 4.62713863414
4075.19999864 4.63605863018
4084.39999842 4.99571821099
4093.59999819 4.55706420295
4102.79999797 4.47766728379
4111.99999774 4.73134177265
4121.19999751 4.56651331832
4130.39999729 4.43463160851
4139.59999706 4.25579591281
4148.79999684 4.64818477854
4157.99999661 4.8311291484
4167.19999638 4.39089962111
4176.39999616 4.15906400268
4185.59999593 4.30270236874
4194.7999957 3.78797758192
4203.99999548 4.06779472056
4213.19999525 4.32247269008
4222.39999503 4.10812792492
4231.5999948 4.06502442084
4240.79999457 3.90152851587
4249.99999435 3.87920457275
4259.19999412 4.05792442965
4268.3999939 4.019556852
4277.59999367 4.01457185816
4286.79999344 3.88040479947
4295.99999322 3.85879005345
4305.19999299 3.7665756202
4314.39999277 3.52383270933
4323.59999254 3.91118363558
4332.79999231 3.5858185585
4341.99999209 3.8339073311
4351.19999186 3.80670172371
4360.39999164 3.73992532006
4369.59999141 3.61847230505
4378.79999118 3.64215447447
4387.99999096 3.84631622128
4397.19999073 3.87615392118
4406.39999051 3.55459530779
4415.59999028 3.72258483061
4424.79999005 3.78004726186
4433.99998983 3.51248656183
4443.1999896 3.53584074689
4452.39998938 3.39222698484
4461.59998915 3.22476087698
4470.79998892 3.32432107844
4479.9999887 3.28485062648
4489.19998847 3.48190436551
4498.39998825 3.53468235146
4507.59998802 3.32527819574
4516.79998779 3.41868068342
4525.99998757 3.2604166119
4535.19998734 3.33802386677
4544.39998711 3.47062400028
4553.59998689 3.42700495199
4562.79998666 3.27623471665
4571.99998644 3.186236064
4581.19998621 3.28669327983
4590.39998598 3.34491466002
4599.59998576 3.31920295678
4608.79998553 3.1601661341
4617.99998531 3.25370773324
4627.19998508 3.22184927637
4636.39998485 3.18948237226
4645.59998463 3.05691136244
4654.7999844 3.0309153016
4663.99998418 3.0394035725
4673.19998395 3.06681146187
4682.39998372 3.10488314237
4691.5999835 3.15220945607
4700.79998327 3.09399872833
4709.99998305 3.1797883282
4719.19998282 3.16264038037
4728.39998259 3.06146093035
4737.59998237 3.02740595362
4746.79998214 3.06068490151
4755.99998192 3.0405105151
4765.19998169 2.95563169941
4774.39998146 3.00468840614
4783.59998124 3.00237611273
4792.79998101 2.95569913911
4801.99998079 2.91151627984
4811.19998056 2.90036053342
4820.39998033 2.88676137974
4829.59998011 2.83978672731
4838.79997988 2.84930913932
4847.99997965 2.92673281769
4857.19997943 2.92023123415
4866.3999792 2.88789019127
4875.59997898 2.74367317765
4884.79997875 2.83488565725
4893.99997852 2.68754359021
4903.1999783 2.69160961825
4912.39997807 2.72472967067
4921.59997785 2.66087564356
4930.79997762 2.71898263548
4939.99997739 2.54279875831
4949.19997717 2.6726023179
4958.39997694 2.59341948163
4967.59997672 2.68326100022
4976.79997649 2.54229443816
4985.99997626 2.59460169237
4995.19997604 2.5511373662
5004.39997581 2.62352071843
5013.59997559 2.54760469265
5022.79997536 2.54078352108
5031.99997513 2.53912477205
5041.19997491 2.51649247071
5050.39997468 2.58634985912
5059.59997446 2.39870017013
5068.79997423 2.53415977716
5077.999974 2.47221235262
5087.19997378 2.45213074052
5096.39997355 2.48759663523
5105.59997333 2.3556298181
5114.7999731 2.39396564667
5123.99997287 2.43349232863
5133.19997265 2.43110323646
5142.39997242 2.36774925646
5151.5999722 2.36723943284
5160.79997197 2.32233740841
5169.99997174 2.35510816532
5179.19997152 2.39949239179
5188.39997129 2.33451511871
5197.59997106 2.28833707894
5206.79997084 2.25500617192
5215.99997061 2.28181345658
5225.19997039 2.30754378334
5234.39997016 2.20172155116
5243.59996993 2.17268872974
5252.79996971 2.17181482332
5261.99996948 2.20407023069
5271.19996926 2.24323189683
5280.39996903 2.19221136301
5289.5999688 2.19613529557
5298.79996858 2.09771452301
5307.99996835 2.11351799344
5317.19996813 2.16610726422
5326.3999679 2.14874836526
5335.59996767 2.10438572169
5344.79996745 2.09227322734
5353.99996722 2.13611097794
5363.199967 2.11717227849
5372.39996677 2.07161942365
5381.59996654 2.04497250263
5390.79996632 2.04525000958
5399.99996609 2.05582169721
5409.19996587 2.03397709041
5418.39996564 2.05301874453
5427.59996541 2.06455661495
5436.79996519 2.07938391298
5445.99996496 1.97303563314
5455.19996474 2.057596995
5464.39996451 1.98621086291
5473.59996428 1.9688537092
5482.79996406 2.01695481218
5491.99996383 1.97263300284
5501.1999636 1.96138022737
5510.39996338 2.00770191883
5519.59996315 1.94978202798
5528.79996293 1.92646654418
5537.9999627 1.87226926078
5547.19996247 1.90848469929
5556.39996225 1.8633285345
5565.59996202 1.84124244835
5574.7999618 1.90615513818
5583.99996157 1.89722106958
5593.19996134 1.83760072949
5602.39996112 1.79589100904
5611.59996089 1.86735244938
5620.79996067 1.84525042109
5629.99996044 1.84518576137
5639.19996021 1.80900361565
5648.39995999 1.75662090571
5657.59995976 1.70984349915
5666.79995954 1.82542974012
5675.99995931 1.7470155354
5685.19995908 1.78076316213
5694.39995886 1.7351307281
5703.59995863 1.70070919446
5712.79995841 1.71539085184
5721.99995818 1.73557294632
5731.19995795 1.73147595548
5740.39995773 1.69329595921
5749.5999575 1.74699298125
5758.79995728 1.74959156971
5767.99995705 1.72410023002
5777.19995682 1.69310696561
5786.3999566 1.68959009596
5795.59995637 1.71417027034
5804.79995615 1.60614257977
5813.99995592 1.6357549265
5823.19995569 1.63262609599
5832.39995547 1.6703447231
5841.59995524 1.64379009367
5850.79995501 1.62545031919
5859.99995479 1.56681684136
5869.19995456 1.59725121488
5878.39995434 1.65436505752
5887.59995411 1.59486949344
5896.79995388 1.61722244017
5905.99995366 1.59702413593
5915.19995343 1.61960679235
5924.39995321 1.61121652013
5933.59995298 1.58025616684
5942.79995275 1.58931655398
5951.99995253 1.57583158785
5961.1999523 1.54571861216
5970.39995208 1.56219522968
5979.59995185 1.55906458472
5988.79995162 1.6046319584
5997.9999514 1.53797781906
6007.19995117 1.52522717801
6016.39995095 1.56763291024
6025.59995072 1.58755743993
6034.79995049 1.55778669829
6043.99995027 1.54161045521
6053.19995004 1.49412981855
6062.39994982 1.49784679189
6071.59994959 1.54705841966
6080.79994936 1.48400573566
6089.99994914 1.45587380306
6099.19994891 1.466901724
6108.39994869 1.45318801139
6117.59994846 1.4864763431
6126.79994823 1.4589398357
6135.99994801 1.44964004174
6145.19994778 1.4723891217
6154.39994755 1.438154293
6163.59994733 1.46033611577
6172.7999471 1.42754176982
6181.99994688 1.39413614247
6191.19994665 1.46596064763
6200.39994642 1.40216572862
6209.5999462 1.40583407446
6218.79994597 1.405560323
6227.99994575 1.41069052888
6237.19994552 1.40896588667
6246.39994529 1.38106726538
6255.59994507 1.38936556691
6264.79994484 1.37623114875
6273.99994462 1.31485714831
6283.19994439 1.3552368223
6292.39994416 1.34570216085
6301.59994394 1.32343234284
6310.79994371 1.35499502789
6319.99994349 1.38746927895
6329.19994326 1.35678658723
6338.39994303 1.31323348937
6347.59994281 1.29028030585
6356.79994258 1.31329349713
6365.99994236 1.33222526485
6375.19994213 1.27247110756
6384.3999419 1.34265358298
6393.59994168 1.29226335082
6402.79994145 1.25283929023
6411.99994123 1.31575071409
6421.199941 1.28312694428
6430.39994077 1.3226115597
6439.59994055 1.28059407224
6448.79994032 1.24883721927
6457.9999401 1.24101213837
6467.19993987 1.24974325661
6476.39993964 1.26103265489
6485.59993942 1.24693780978
6494.79993919 1.25965085179
6503.99993896 1.23906558393
6513.19993874 1.21766948992
6522.39993851 1.26568976414
6531.59993829 1.2309762386
6540.79993806 1.26535954758
6549.99993783 1.23188920798
6559.19993761 1.20943694202
6568.39993738 1.2452050429
6577.59993716 1.25016467987
6586.79993693 1.17437860137
6595.9999367 1.24475213389
6605.19993648 1.19512687126
6614.39993625 1.17965074496
6623.59993603 1.22548871374
6632.7999358 1.23657138127
6641.99993557 1.27344757405
6651.19993535 1.49625373184
6660.39993512 1.41619914117
6669.5999349 1.26754216486
6678.79993467 1.26623943562
6687.99993444 1.21834985676
6697.19993422 1.20991399353
6706.39993399 1.1846130902
6715.59993377 1.19672414809
6724.79993354 1.17959640183
6733.99993331 1.17704706882
6743.19993309 1.19603804247
6752.39993286 1.17270656977
6761.59993264 1.17969276927
6770.79993241 1.17981973722
6779.99993218 1.14019325321
6789.19993196 1.17744807712
6798.39993173 1.18389322563
6807.59993151 1.18821972244
6816.79993128 1.23860612063
6825.99993105 1.18166012702
6835.19993083 1.16470663628
6844.3999306 1.12797729567
6853.59993037 1.0857810807
6862.79993015 0.992935073873
6871.99992992 1.15590809013
6881.1999297 1.15709140389
6890.39992947 1.11145112645
6899.59992924 1.1492646082
6908.79992902 1.11040005017
6917.99992879 1.11127075462
6927.19992857 1.10616093751
6936.39992834 1.09063205934
6945.59992811 1.05868954283
6954.79992789 1.07021994552
6963.99992766 1.11970910529
6973.19992744 1.04055290605
6982.39992721 1.04481388802
6991.59992698 1.05675696537
7000.79992676 1.0
7009.99992653 1.0454693729
7019.19992631 1.02928941345
7028.39992608 1.08472614723
7037.59992585 1.081736287
7046.79992563 0.996166366223
7055.9999254 1.04551381868
7065.19992518 0.986413041157
7074.39992495 1.00994955979
7083.59992472 1.04379473996
7092.7999245 1.03999522859
7101.99992427 1.009678712
7111.19992405 1.01673001405
7120.39992382 1.02845308246
7129.59992359 0.959983946598
7138.79992337 0.966354714142
7147.99992314 1.00825342769
7157.19992291 0.972182982539
7166.39992269 0.928816046886
7175.59992246 0.997627939438
7184.79992224 0.967359086868
7193.99992201 0.980286263971
7203.19992178 1.07437850881
7212.39992156 1.0315509042
7221.59992133 0.963074739986
7230.79992111 0.960447578142
7239.99992088 0.922648201157
7249.19992065 1.01315323525
7258.39992043 0.961638709071
7267.5999202 0.927872230812
7276.79991998 0.96437040658
7285.99991975 1.01750663736
7295.19991952 0.951096621547
7304.3999193 0.980586966882
7313.59991907 1.04737347233
7322.79991885 1.00829295023
7331.99991862 0.976197754076
7341.19991839 0.988541155472
7350.39991817 0.999192021679
7359.59991794 0.865905573407
7368.79991772 0.973986635458
7377.99991749 0.968848086164
7387.19991726 0.992111279661
7396.39991704 0.974853693164
7405.59991681 0.859664797227
7414.79991659 0.944694718297
7423.99991636 0.985464986388
7433.19991613 0.947405072407
7442.39991591 0.879412002054
7451.59991568 0.934154025124
7460.79991546 0.93724329529
7469.99991523 0.957287549991
7479.199915 0.846094887869
7488.39991478 0.931920563758
7497.59991455 1.0020577152
7506.79991432 0.883675315596
7515.9999141 0.911477576216
7525.19991387 0.977109923305
7534.39991365 0.863816241756
7543.59991342 0.847987323346
7552.79991319 0.96171769429
7561.99991297 0.850189050285
7571.19991274 0.876604022776
7580.39991252 0.931037569838
7589.59991229 0.542642509967
7598.79991206 0.489787735594
7607.99991184 1.40815981819
7617.19991161 0.877130636698
7626.39991139 0.767184031285
7635.59991116 1.10002643036
7644.79991093 1.04277879525
7653.99991071 0.938418058046
7663.19991048 0.936568175973
7672.39991026 0.978030739398
7681.59991003 0.827692038779
7690.7999098 0.884449539639
7699.99990958 0.929333841447
7709.19990935 0.931879030942
7718.39990913 0.903974863104
7727.5999089 0.869454572382
7736.79990867 0.979520974243
7745.99990845 1.07863773372
7755.19990822 0.973966382518
7764.399908 0.837735717493
7773.59990777 0.855851031242
7782.79990754 0.872268536506
7791.99990732 0.835127036477
7801.19990709 1.02508469681
7810.39990686 0.98825235257
7819.59990664 0.96045061791
7828.79990641 0.938232486134
7837.99990619 1.04226020778
7847.19990596 0.96783266438
7856.39990573 0.769108208279
7865.59990551 0.870027924626
7874.79990528 1.02681221835
7883.99990506 1.03976023713
7893.19990483 0.895344045238
7902.3999046 0.943573146145
7911.59990438 0.949097289653
7920.79990415 0.955795548574
7929.99990393 1.03600710572
7939.1999037 0.9099631042
7948.39990347 0.934195038805
7957.59990325 1.06271520646
7966.79990302 0.943408121834
7975.9999028 0.835087909702
7985.19990257 1.08564109074
7994.39990234 1.06150614971
