4020.0 4.91278246733
4029.2 4.3331760182
4038.4 4.62800006697
4047.6 5.36434054105
4056.8 4.86291941972
4066.0 4.82572537772
4075.2 4.98026916373
4084.4 4.98662861199
4093.6 5.02640013516
4102.8 4.76618745666
4112.0 4.69269348294
4121.2 4.62279403903
4130.4 4.63359916505
4139.6 4.66128300356
4148.8 4.14456200917
4158.0 4.08103433523
4167.2 3.9265165319
4176.4 4.08999237143
4185.6 3.92289176666
4194.8 4.22144988739
4204.0 4.10346654648
4213.2 4.04361804973
4222.4 4.10581068147
4231.6 4.09820276896
4240.8 3.96162032355
4250.0 4.15699527482
4259.2 3.99416085156
4268.4 3.82484306681
4277.6 3.87488858246
4286.8 3.85597451784
4296.0 3.61371645874
4305.2 3.58565752715
4314.4 3.83409037954
4323.6 3.8457116427
4332.8 3.51647392653
4342.0 3.78249439649
4351.2 3.73884247413
4360.4 3.57339023566
4369.6 3.33090738554
4378.8 3.67501482351
4388.0 3.4421182248
4397.2 3.52539384925
4406.4 3.5607552564
4415.6 3.63216688634
4424.8 3.39300965835
4434.0 3.39100627039
4443.2 3.38461281372
4452.4 3.47135128819
4461.6 3.41411723483
4470.8 3.35316633723
4480.0 3.41160881065
4489.2 3.36386647347
4498.4 3.235542485
4507.6 3.19270349531
4516.8 3.29133835185
4526.0 3.18954176511
4535.2 3.28414482773
4544.4 3.35116736101
4553.6 3.15060091218
4562.8 3.06355263919
4572.0 3.20600391176
4581.2 3.18985380111
4590.4 3.17374602213
4599.6 3.06832847467
4608.8 3.00829157386
4618.0 3.06825175593
4627.2 3.10820391848
4636.4 3.21458684813
4645.6 3.13438299567
4654.8 2.95125178751
4664.0 3.1236213866
4673.2 3.05963334266
4682.4 3.05576282342
4691.6 3.07652718654
4700.8 2.99751700673
4710.0 3.07527598916
4719.2 2.99066960759
4728.4 3.00207446098
4737.6 2.98128110433
4746.8 2.90140297505
4756.0 3.01946861175
4765.2 2.90120885725
4774.4 3.00533873829
4783.6 2.99144779549
4792.8 2.93367817407
4802.0 2.93924962965
4811.2 2.81995177689
4820.4 2.94808903723
4829.6 2.89511706289
4838.8 2.87951489637
4848.0 2.89189005831
4857.2 2.96636234045
4866.4 2.91009436494
4875.6 2.82559133191
4884.8 2.85596760972
4894.0 2.77225042733
4903.2 2.76589116363
4912.4 2.75612316368
4921.6 2.8508027898
4930.8 2.69694615385
4940.0 2.7540584489
4949.2 2.68675549177
4958.4 2.6316549117
4967.6 2.64209131016
4976.8 2.59983386668
4986.0 2.69041936552
4995.2 2.60363435958
5004.4 2.69690500765
5013.6 2.70257126278
5022.8 2.68360319694
5032.0 2.60585801226
5041.2 2.63157735346
5050.4 2.6190719218
5059.6 2.60526890063
5068.8 2.60651280549
5078.0 2.58663889446
5087.2 2.59918701323
5096.4 2.49305385732
5105.6 2.49451235623
5114.8 2.50457685691
5124.0 2.5079373337
5133.2 2.57213213647
5142.4 2.55858656186
5151.6 2.56193648466
5160.8 2.56759459191
5170.0 2.61298331803
5179.2 2.47879902506
5188.4 2.47166612493
5197.6 2.45260140981
5206.8 2.48409266926
5216.0 2.33893755578
5225.2 2.43869203883
5234.4 2.44956078814
5243.6 2.3777246205
5252.8 2.34667268142
5262.0 2.40272576856
5271.2 2.3852012298
5280.4 2.3011891566
5289.6 2.4982641753
5298.8 2.30527373927
5308.0 2.29369473937
5317.2 2.34958147511
5326.4 2.35855455051
5335.6 2.23954744758
5344.8 2.39919488135
5354.0 2.33252846975
5363.2 2.25580535883
5372.4 2.32340279679
5381.6 2.25432116172
5390.8 2.22039384557
5400.0 2.24376104473
5409.2 2.21765105822
5418.4 2.22393885312
5427.6 2.23173387891
5436.8 2.25418629068
5446.0 2.26915824154
5455.2 2.22124883095
5464.4 2.23778314196
5473.6 2.23084673294
5482.8 2.19651679414
5492.0 2.16738149937
5501.2 2.1532065846
5510.4 2.13456520718
5519.6 2.13992472855
5528.8 2.12347571312
5538.0 2.06478646791
5547.2 2.10759590693
5556.4 2.12164507555
5565.6 2.03859640996
5574.8 2.04251930596
5584.0 2.11831457324
5593.2 2.045343214
5602.4 2.06815827763
5611.6 1.9881735434
5620.8 1.99273406464
5630.0 2.00805948499
5639.2 1.97019729517
5648.4 2.02762352656
5657.6 1.93396906993
5666.8 1.9587275962
5676.0 1.96439377767
5685.2 1.93036852839
5694.4 1.86405767491
5703.6 1.89459234046
5712.8 1.89357934109
5722.0 1.91338415901
5731.2 1.84546322262
5740.4 1.908435502
5749.6 1.84843174781
5758.8 1.79469998704
5768.0 1.84946865276
5777.2 1.78383756906
5786.4 1.78704293904
5795.6 1.79619023782
5804.8 1.79640477991
5814.0 1.83810533618
5823.2 1.7785294787
5832.4 1.75757286181
5841.6 1.72009207181
5850.8 1.74868790911
5860.0 1.700656035
5869.2 1.78072199615
5878.4 1.79904742048
5887.6 1.66476297761
5896.8 1.70151740054
5906.0 1.6596978002
5915.2 1.64591153478
5924.4 1.68301258808
5933.6 1.6684517845
5942.8 1.63321542525
5952.0 1.62989764547
5961.2 1.63583562062
5970.4 1.64307207852
5979.6 1.67523081666
5988.8 1.63151985704
5998.0 1.60567212367
6007.2 1.64472620895
6016.4 1.62177015893
6025.6 1.58950268009
6034.8 1.58792862077
6044.0 1.56257030132
6053.2 1.56911649373
6062.4 1.54357988701
6071.6 1.54755632084
6080.8 1.56410287039
6090.0 1.51505791953
6099.2 1.50461793964
6108.4 1.52249209211
6117.6 1.51382923391
6126.8 1.50395569181
6136.0 1.50387504556
6145.2 1.49371020922
6154.4 1.49031546023
6163.6 1.49374950686
6172.8 1.45860756942
6182.0 1.45626272232
6191.2 1.48294875198
6200.4 1.4504743743
6209.6 1.4219382657
6218.8 1.39632067089
6228.0 1.45771978205
6237.2 1.44600304632
6246.4 1.38607229796
6255.6 1.40643673243
6264.8 1.40800470061
6274.0 1.3421343807
6283.2 1.40983011075
6292.4 1.39546488736
6301.6 1.41242490394
6310.8 1.37249084208
6320.0 1.39667493461
6329.2 1.3956542778
6338.4 1.4021480785
6347.6 1.3418848461
6356.8 1.33077262819
6366.0 1.33816738029
6375.2 1.34408448555
6384.4 1.3295058652
6393.6 1.35125775988
6402.8 1.33088040423
6412.0 1.33336662892
6421.2 1.28226069648
6430.4 1.29703008319
6439.6 1.27997180449
6448.8 1.32479855501
6458.0 1.31607790774
6467.2 1.2766807182
6476.4 1.32382304648
6485.6 1.30977844595
6494.8 1.32250465521
6504.0 1.25623549203
6513.2 1.25582195513
6522.4 1.26540477048
6531.6 1.27215780403
6540.8 1.26090184734
6550.0 1.24558602165
6559.2 1.21689387919
6568.4 1.28378325137
6577.6 1.2403759053
6586.8 1.23371954893
6596.0 1.18969009327
6605.2 1.20461739573
6614.4 1.20655027744
6623.6 1.1911208943
6632.8 1.20723659985
6642.0 1.19132081612
6651.2 1.30287122754
6660.4 1.25665885664
6669.6 1.2091953868
6678.8 1.24383115159
6688.0 1.24169015056
6697.2 1.17961282132
6706.4 1.1600752543
6715.6 1.19619445826
6724.8 1.18545018928
6734.0 1.14143047024
6743.2 1.11115921937
6752.4 1.15943536538
6761.6 1.12565589322
6770.8 1.14279398059
6780.0 1.13007521592
6789.2 1.15991826134
6798.4 1.09798652619
6807.6 1.19311320084
6816.8 1.15385568863
6826.0 1.18130701377
6835.2 1.11873589222
6844.4 1.08788304633
6853.6 1.08969397632
6862.8 0.948062325952
6872.0 1.06409760502
6881.2 1.16490603496
6890.4 1.04193387036
6899.6 1.06353791952
6908.8 1.08998168802
6918.0 1.07358861186
6927.2 1.08097306707
6936.4 1.05845436456
6945.6 1.00486074624
6954.8 1.03231824221
6964.0 1.05865997697
6973.2 0.965137230941
6982.4 0.953696920545
6991.6 0.983729986412
7000.8 1.0
7010.0 1.00105988157
7019.2 1.02275315928
7028.4 1.02329277517
7037.6 1.00159816032
7046.8 0.997950728415
7056.0 0.997162453528
7065.2 1.00134988995
7074.4 0.98679244197
7083.6 0.976629037151
7092.8 0.969195253934
7102.0 0.927191283948
7111.2 1.00626348504
7120.4 0.929740938265
7129.6 0.969236997078
7138.8 0.939712131878
7148.0 0.962178918631
7157.2 0.894961537766
7166.4 0.937598231828
7175.6 0.989273028873
7184.8 0.966804812464
7194.0 0.958363494911
7203.2 0.97438235073
7212.4 0.968207231883
7221.6 0.917562729908
7230.8 0.920398785237
7240.0 0.906591333781
7249.2 0.920652036518
7258.4 0.91978290353
7267.6 0.921088055799
7276.8 0.958221965764
7286.0 0.91740860518
7295.2 0.909522984682
7304.4 0.87096427916
7313.6 0.94438832029
7322.8 0.912786193023
7332.0 0.903940231295
7341.2 0.906578648909
7350.4 0.917632786912
7359.6 0.84153583987
7368.8 0.868587481037
7378.0 0.912321562058
7387.2 0.882302307937
7396.4 0.828267009626
7405.6 0.839597159152
7414.8 0.874003179426
7424.0 0.887424030572
7433.2 0.820598061501
7442.4 0.807681958563
7451.6 0.856175777209
7460.8 0.868939264024
7470.0 0.865941261711
7479.2 0.825891344556
7488.4 0.83533664498
7497.6 0.824500407665
7506.8 0.814494168419
7516.0 0.824805206699
7525.2 0.878676414237
7534.4 0.814651778562
7543.6 0.827438832818
7552.8 0.869171535806
7562.0 0.767861849214
7571.2 0.823869946922
7580.4 0.823826898347
7589.6 0.535457013394
7598.8 0.497397185063
7608.0 1.21273858013
7617.2 0.842339157662
7626.4 0.724828895056
7635.6 0.959734490301
7644.8 0.895849743176
7654.0 0.853017848796
7663.2 0.84584167943
7672.4 0.849562119299
7681.6 0.764479499711
7690.8 0.806789258957
7700.0 0.884658130921
7709.2 0.834633847594
7718.4 0.814427316011
7727.6 0.832263293519
7736.8 0.909771779992
7746.0 0.875740864534
7755.2 0.85481722403
7764.4 0.815683289089
7773.6 0.819550632159
7782.8 0.86549902584
7792.0 0.779576241729
7801.2 0.874920185797
7810.4 0.935638808031
7819.6 0.8613796657
7828.8 0.855079857704
7838.0 0.900686350154
7847.2 0.821335374974
7856.4 0.887975812333
7865.6 0.865541507608
7874.8 0.942392806183
7884.0 0.912464949448
7893.2 0.896319782477
7902.4 0.864495051512
7911.6 0.964322160636
7920.8 1.03938513363
7930.0 0.933370269315
7939.2 0.822789931489
7948.4 0.946002506443
7957.6 0.992016395475
7966.8 0.879212611097
7976.0 0.913855424027
7985.2 1.04830055749
7994.4 1.10336866477
