4020.0 5.87314922183
4029.2 6.05574398228
4038.4 5.90336821294
4047.6 5.70866564259
4056.8 5.83267691793
4066.0 5.80285016901
4075.2 5.79583541032
4084.4 5.90452554741
4093.6 5.42619675206
4102.8 5.7116787166
4112.0 5.69892238609
4121.2 5.54757290058
4130.4 5.39868988859
4139.6 5.31983188145
4148.8 5.32110569905
4158.0 5.29015031811
4167.2 5.20192876038
4176.4 5.2804505321
4185.6 5.30884022213
4194.8 5.24200243865
4204.0 5.17800790348
4213.2 5.08208708833
4222.4 5.15798625062
4231.6 5.05135080938
4240.8 5.00642828919
4250.0 4.92114915979
4259.2 5.00070964243
4268.4 5.04441210844
4277.6 4.73120146656
4286.8 4.83207340214
4296.0 4.85633313955
4305.2 4.8346165042
4314.4 4.81746401045
4323.6 4.79179231324
4332.8 4.56802515567
4342.0 4.86449502888
4351.2 4.83780154339
4360.4 4.63235194446
4369.6 4.46890525251
4378.8 4.55918876409
4388.0 4.69613057505
4397.2 4.71184705996
4406.4 4.48580279452
4415.6 4.59744827029
4424.8 4.53003246549
4434.0 4.38284508843
4443.2 4.52116729038
4452.4 4.36845234371
4461.6 4.32037618914
4470.8 4.42778811402
4480.0 4.41004962937
4489.2 4.26205482101
4498.4 4.29544988032
4507.6 4.20874681258
4516.8 4.2511025635
4526.0 4.33151756007
4535.2 4.24612018589
4544.4 4.27278946688
4553.6 4.240203842
4562.8 4.09204906189
4572.0 4.13904974734
4581.2 4.13954916032
4590.4 4.11895881181
4599.6 4.05836373943
4608.8 4.12672570371
4618.0 4.11007862379
4627.2 4.04659405184
4636.4 3.95075718839
4645.6 4.07148219477
4654.8 3.94536239403
4664.0 3.94321965344
4673.2 3.84386495141
4682.4 3.91812415747
4691.6 3.85125443006
4700.8 3.87047778623
4710.0 3.87170201011
4719.2 3.90835554127
4728.4 3.78029212096
4737.6 3.79447168055
4746.8 3.79424277247
4756.0 3.78027966413
4765.2 3.75226450576
4774.4 3.82983791051
4783.6 3.76952867424
4792.8 3.74480389214
4802.0 3.70177953668
4811.2 3.67614017487
4820.4 3.72149327666
4829.6 3.68103770074
4838.8 3.63426505698
4848.0 3.58912127619
4857.2 3.65865432773
4866.4 3.69799954918
4875.6 3.58608380446
4884.8 3.5842838517
4894.0 3.58513449561
4903.2 3.5085610198
4912.4 3.52131214156
4921.6 3.54426839241
4930.8 3.50206371299
4940.0 3.47898702439
4949.2 3.39883282755
4958.4 3.42285788222
4967.6 3.40962135043
4976.8 3.37413619534
4986.0 3.36390979231
4995.2 3.36845698621
5004.4 3.402164841
5013.6 3.36951177027
5022.8 3.33871105515
5032.0 3.27206061361
5041.2 3.33345188124
5050.4 3.2966543111
5059.6 3.27657166919
5068.8 3.28242409975
5078.0 3.29168840826
5087.2 3.20683795603
5096.4 3.22163989634
5105.6 3.19288823845
5114.8 3.22637019955
5124.0 3.21950223914
5133.2 3.18010359488
5142.4 3.16153225042
5151.6 3.21303962638
5160.8 3.1556382961
5170.0 3.1356820697
5179.2 3.12300638089
5188.4 3.14325832973
5197.6 3.14649011141
5206.8 3.10917417525
5216.0 3.10760747449
5225.2 3.0234251664
5234.4 3.08647575001
5243.6 3.0544356486
5252.8 3.05574066727
5262.0 3.04526098663
5271.2 3.05424348843
5280.4 3.00637977117
5289.6 2.99528423008
5298.8 2.94467701285
5308.0 2.95350966153
5317.2 2.93368963074
5326.4 2.93834353296
5335.6 2.91596328274
5344.8 2.91768550968
5354.0 2.87273574446
5363.2 2.86285862456
5372.4 2.86273305227
5381.6 2.86784299312
5390.8 2.84217535807
5400.0 2.83300026762
5409.2 2.79570851616
5418.4 2.78160954141
5427.6 2.81027166054
5436.8 2.80544092566
5446.0 2.75015286393
5455.2 2.76841927829
5464.4 2.75093376344
5473.6 2.77209920116
5482.8 2.73046941365
5492.0 2.72016026004
5501.2 2.71196358867
5510.4 2.69664813896
5519.6 2.65856818677
5528.8 2.63795338635
5538.0 2.63303573077
5547.2 2.65263868124
5556.4 2.62066532551
5565.6 2.6584321262
5574.8 2.62157447084
5584.0 2.61146381641
5593.2 2.58473886611
5602.4 2.55062164115
5611.6 2.52371196399
5620.8 2.50584923194
5630.0 2.49517695987
5639.2 2.51371211193
5648.4 2.47643929506
5657.6 2.44633229989
5666.8 2.44718870926
5676.0 2.44595050827
5685.2 2.42848468054
5694.4 2.40746110382
5703.6 2.40296195546
5712.8 2.40831905934
5722.0 2.37663414196
5731.2 2.36910913698
5740.4 2.35604761217
5749.6 2.28955806734
5758.8 2.29545575906
5768.0 2.28457783517
5777.2 2.28365602716
5786.4 2.27091134896
5795.6 2.23984615688
5804.8 2.2304155668
5814.0 2.2119683771
5823.2 2.21528182793
5832.4 2.19651177648
5841.6 2.169757953
5850.8 2.19061153873
5860.0 2.15699928524
5869.2 2.12089878467
5878.4 2.18963330205
5887.6 2.05965784932
5896.8 2.08406219519
5906.0 2.10874311031
5915.2 2.09398570615
5924.4 2.0627932247
5933.6 2.05311169604
5942.8 2.04839660932
5952.0 2.05031036634
5961.2 2.01117284786
5970.4 1.98061541795
5979.6 1.97938269959
5988.8 1.98220800015
5998.0 1.95789987458
6007.2 1.93779546892
6016.4 1.93152331964
6025.6 1.91160011412
6034.8 1.92536443043
6044.0 1.88892549011
6053.2 1.88197058886
6062.4 1.89475168536
6071.6 1.88191214117
6080.8 1.86522601289
6090.0 1.86224588762
6099.2 1.82721467282
6108.4 1.83217889328
6117.6 1.80582395746
6126.8 1.79663108777
6136.0 1.79358042176
6145.2 1.76584529419
6154.4 1.78473321526
6163.6 1.72852228415
6172.8 1.74188953273
6182.0 1.73314437819
6191.2 1.70048820901
6200.4 1.69309276439
6209.6 1.68629418095
6218.8 1.67695205719
6228.0 1.68705631635
6237.2 1.67482300737
6246.4 1.63363560415
6255.6 1.6201357887
6264.8 1.61291932693
6274.0 1.57796771304
6283.2 1.56999345358
6292.4 1.57668801392
6301.6 1.56386929471
6310.8 1.55789503432
6320.0 1.55005641998
6329.2 1.53732920428
6338.4 1.52029236967
6347.6 1.51502120453
6356.8 1.53141880486
6366.0 1.52404574448
6375.2 1.47682564234
6384.4 1.49261000477
6393.6 1.48467380557
6402.8 1.47174314478
6412.0 1.4703535106
6421.2 1.44073187193
6430.4 1.45752678728
6439.6 1.42363490052
6448.8 1.43341477372
6458.0 1.41300638475
6467.2 1.41810053441
6476.4 1.4197581909
6485.6 1.41763508138
6494.8 1.411946776
6504.0 1.37253031026
6513.2 1.35730210011
6522.4 1.36709931383
6531.6 1.3508052369
6540.8 1.34254126051
6550.0 1.33256979301
6559.2 1.30895831966
6568.4 1.36257744361
6577.6 1.34430589637
6586.8 1.32999432609
6596.0 1.26554840154
6605.2 1.27164704366
6614.4 1.28357717221
6623.6 1.25829991111
6632.8 1.27587621855
6642.0 1.28720927305
6651.2 1.31422920934
6660.4 1.28098116882
6669.6 1.25185887855
6678.8 1.28931157986
6688.0 1.22417532014
6697.2 1.22361178592
6706.4 1.21860923044
6715.6 1.22252217771
6724.8 1.20236831585
6734.0 1.21223820083
6743.2 1.19666276277
6752.4 1.17265097203
6761.6 1.16522102084
6770.8 1.18229560311
6780.0 1.14763892977
6789.2 1.15132743954
6798.4 1.14219006403
6807.6 1.15099672126
6816.8 1.15224388829
6826.0 1.14474042313
6835.2 1.12693720852
6844.4 1.10404440544
6853.6 1.12386529865
6862.8 1.03761429196
6872.0 1.06414881451
6881.2 1.14953633142
6890.4 1.06707359177
6899.6 1.08281477205
6908.8 1.10677099727
6918.0 1.07063661769
6927.2 1.07917629227
6936.4 1.0709514963
6945.6 1.06983810232
6954.8 1.06600566513
6964.0 1.05360212405
6973.2 1.03154869228
6982.4 0.997789071976
6991.6 1.01999128195
7000.8 1.0
7010.0 1.0232789839
7019.2 1.00795699363
7028.4 1.01726735014
7037.6 0.99947482676
7046.8 1.12724042645
7056.0 0.993085909902
7065.2 0.981434108296
7074.4 0.969619557112
7083.6 0.948170252312
7092.8 0.960818467657
7102.0 0.960138454894
7111.2 0.953858564967
7120.4 0.947464923327
7129.6 0.950773416912
7138.8 0.96215856007
7148.0 0.9383571245
7157.2 0.93688050478
7166.4 0.898505313478
7175.6 0.93930884197
7184.8 0.92646459564
7194.0 0.942403991831
7203.2 0.955246525179
7212.4 0.960582273238
7221.6 0.889198171824
7230.8 0.897161768466
7240.0 0.878783168524
7249.2 0.891705187507
7258.4 0.880529127361
7267.6 0.880826861523
7276.8 0.895931064806
7286.0 0.902473648005
7295.2 0.8683899425
7304.4 0.872253821181
7313.6 0.888532665732
7322.8 0.884386208819
7332.0 0.854542426559
7341.2 0.859655084268
7350.4 0.851774227557
7359.6 0.81483089772
7368.8 0.825010921496
7378.0 0.847895999746
7387.2 0.838963247994
7396.4 0.831982071316
7405.6 0.803098409041
7414.8 0.849296228345
7424.0 0.834348034825
7433.2 0.79559963444
7442.4 0.788869228265
7451.6 0.806902216961
7460.8 0.810952807984
7470.0 0.791809351175
7479.2 0.787116012084
7488.4 0.79265601417
7497.6 0.821037873419
7506.8 0.789339746711
7516.0 0.799804027114
7525.2 0.780660036893
7534.4 0.760001395937
7543.6 0.771760242841
7552.8 0.785004787588
7562.0 0.759643644218
7571.2 0.791933030704
7580.4 0.769531853426
7589.6 0.649158145299
7598.8 0.542392647549
7608.0 0.951191664271
7617.2 0.850991127886
7626.4 0.68162208687
7635.6 0.805185271372
7644.8 0.772886673902
7654.0 0.779648683923
7663.2 0.761705411936
7672.4 0.76031476515
7681.6 0.710913312291
7690.8 0.726536475628
7700.0 0.747846863789
7709.2 0.746323480645
7718.4 0.732979127448
7727.6 0.812102931791
7736.8 0.755938611495
7746.0 0.757821558355
7755.2 0.69572621939
7764.4 0.68855813932
7773.6 0.71010340734
7782.8 0.694407805959
7792.0 0.700718005825
7801.2 0.722321420141
7810.4 0.744624960513
7819.6 0.707945799438
7828.8 0.708845470483
7838.0 0.726520446309
7847.2 0.723698592575
7856.4 0.725526859793
7865.6 0.711274346944
7874.8 0.715675232622
7884.0 0.707392789209
7893.2 0.723359722843
7902.4 0.721706522128
7911.6 0.688372111928
7920.8 0.757971788195
7930.0 0.752812502773
7939.2 0.684674718422
7948.4 0.709504688719
7957.6 0.684697854813
7966.8 0.699918496978
7976.0 0.693166969261
7985.2 0.688917800419
7994.4 0.72048281932
