4020.0 3.64169567736
4029.2 3.80459504641
4038.4 3.65606858668
4047.6 3.20131625951
4056.8 4.03281861738
4066.0 3.55097312567
4075.2 3.13706515789
4084.4 3.50253145147
4093.6 3.34534712602
4102.8 3.65153165784
4112.0 3.80049849125
4121.2 4.10531247033
4130.4 3.72974281275
4139.6 3.4293911501
4148.8 3.57388141915
4158.0 3.51464669231
4167.2 3.34808541837
4176.4 3.67289901572
4185.6 3.65043898091
4194.8 3.20794423248
4204.0 3.35889772135
4213.2 3.18423895802
4222.4 3.16047658862
4231.6 3.18317567151
4240.8 3.65162896792
4250.0 3.44134582982
4259.2 3.00725619156
4268.4 3.09131245515
4277.6 3.17050323782
4286.8 3.0320307571
4296.0 2.99776114636
4305.2 3.14046171098
4314.4 3.22374862029
4323.6 3.02754388631
4332.8 2.74426741108
4342.0 3.02104744062
4351.2 3.10099400508
4360.4 2.9942092717
4369.6 3.02994859729
4378.8 2.73296084234
4388.0 2.68850102811
4397.2 3.17271766566
4406.4 3.01931258962
4415.6 2.89260842904
4424.8 2.90449878922
4434.0 2.85535453941
4443.2 2.85511588983
4452.4 2.94903990351
4461.6 2.73603041007
4470.8 2.86819949978
4480.0 2.76429142546
4489.2 2.79133376266
4498.4 2.7252273096
4507.6 2.698437496
4516.8 2.63540980484
4526.0 2.74043006431
4535.2 2.73314679374
4544.4 2.82442927488
4553.6 2.80623782794
4562.8 2.69676153474
4572.0 2.82951670894
4581.2 2.74844405424
4590.4 2.59910780737
4599.6 2.73922385428
4608.8 2.56786331552
4618.0 2.59399781991
4627.2 2.54972493962
4636.4 2.58448964578
4645.6 2.52302182105
4654.8 2.48967383865
4664.0 2.42442989816
4673.2 2.41434644705
4682.4 2.50952191406
4691.6 2.4132493237
4700.8 2.62959764411
4710.0 2.50820358184
4719.2 2.53090953299
4728.4 2.46177428993
4737.6 2.40617220088
4746.8 2.45520019884
4756.0 2.58541361279
4765.2 2.54439354187
4774.4 2.44914262545
4783.6 2.4746085866
4792.8 2.36304076685
4802.0 2.36945335833
4811.2 2.4035736801
4820.4 2.42358407046
4829.6 2.46803230858
4838.8 2.32930706051
4848.0 2.29529698921
4857.2 2.42260548502
4866.4 2.45186736139
4875.6 2.37022129469
4884.8 2.2477605873
4894.0 2.17554725469
4903.2 2.22185188401
4912.4 2.25880478029
4921.6 2.4133262497
4930.8 2.53314717784
4940.0 2.28691726772
4949.2 2.18309160461
4958.4 2.17715945606
4967.6 2.20361663899
4976.8 2.16780167795
4986.0 2.15876814571
4995.2 2.20973524591
5004.4 2.23238253516
5013.6 2.15202507744
5022.8 2.17940345626
5032.0 2.23884507368
5041.2 2.22352090045
5050.4 2.11157932741
5059.6 2.04650898446
5068.8 2.25354609681
5078.0 2.32713119676
5087.2 2.65645197023
5096.4 2.11053973615
5105.6 2.14124067874
5114.8 2.09290363417
5124.0 2.14022720635
5133.2 2.0752690562
5142.4 2.04859609181
5151.6 2.028776678
5160.8 2.08615362493
5170.0 2.03538888951
5179.2 2.03167909047
5188.4 1.98737493422
5197.6 1.96962480496
5206.8 2.04540687363
5216.0 1.90046077617
5225.2 1.89095233408
5234.4 1.87720002922
5243.6 1.82114224844
5252.8 1.8161706369
5262.0 1.87483316246
5271.2 1.84075058909
5280.4 1.85849311797
5289.6 1.79299872213
5298.8 1.82307247562
5308.0 1.83539167052
5317.2 1.78961985137
5326.4 1.73939991724
5335.6 1.77089094123
5344.8 1.73472254674
5354.0 1.79602072386
5363.2 1.74526729508
5372.4 1.73464450534
5381.6 1.74911492036
5390.8 1.68524725884
5400.0 1.71301834321
5409.2 1.72360037581
5418.4 1.70615730071
5427.6 1.67814151189
5436.8 1.67751168362
5446.0 1.66113271354
5455.2 1.65240315716
5464.4 1.64554853761
5473.6 1.65175583578
5482.8 1.65086435492
5492.0 1.63315464363
5501.2 1.60367434452
5510.4 1.63810775251
5519.6 1.63035561194
5528.8 1.60539126425
5538.0 1.61296773593
5547.2 1.57689674658
5556.4 1.638481252
5565.6 1.58224074824
5574.8 1.62730172733
5584.0 1.67035430041
5593.2 1.57512199683
5602.4 1.56211977909
5611.6 1.60072884066
5620.8 1.48882091714
5630.0 1.52187827561
5639.2 1.47813728021
5648.4 1.51986315655
5657.6 1.5130842105
5666.8 1.49185870242
5676.0 1.48983347986
5685.2 1.4783960071
5694.4 1.46887649522
5703.6 1.4964188171
5712.8 1.44902638021
5722.0 1.44641313116
5731.2 1.44425665742
5740.4 1.48811464284
5749.6 1.45382245086
5758.8 1.4407041234
5768.0 1.44374362006
5777.2 1.42937026909
5786.4 1.4473895819
5795.6 1.4686189663
5804.8 1.41222502082
5814.0 1.41113945073
5823.2 1.46203851556
5832.4 1.38722153082
5841.6 1.37217763227
5850.8 1.3968514531
5860.0 1.38336323146
5869.2 1.42444459885
5878.4 1.44569440515
5887.6 1.38636546928
5896.8 1.38414884018
5906.0 1.3731230954
5915.2 1.40206779281
5924.4 1.35089423917
5933.6 1.37009697486
5942.8 1.35770191597
5952.0 1.42438589507
5961.2 1.41910951339
5970.4 1.38441349914
5979.6 1.3963298701
5988.8 1.39122953096
5998.0 1.37924150447
6007.2 1.43868637244
6016.4 1.38488595421
6025.6 1.52571874124
6034.8 1.40910649231
6044.0 1.37267629232
6053.2 1.3743516514
6062.4 1.37006113255
6071.6 1.34795499627
6080.8 1.34732684898
6090.0 1.29684212644
6099.2 1.29829831928
6108.4 1.29034122178
6117.6 1.26611154256
6126.8 1.26186236731
6136.0 1.27981509822
6145.2 1.25680870491
6154.4 1.26358556574
6163.6 1.2495480142
6172.8 1.23747067556
6182.0 1.22447715209
6191.2 1.26087258742
6200.4 1.1890705642
6209.6 1.21965519539
6218.8 1.20157747212
6228.0 1.19045082206
6237.2 1.16372830177
6246.4 1.18906800305
6255.6 1.19508749271
6264.8 1.16929113605
6274.0 1.14581507616
6283.2 1.16782683474
6292.4 1.09258949739
6301.6 1.22562786272
6310.8 1.16439469391
6320.0 1.15950334681
6329.2 1.13043340775
6338.4 1.15441127072
6347.6 1.1356676483
6356.8 1.18872305571
6366.0 1.17312854538
6375.2 1.1483288123
6384.4 1.15102668717
6393.6 1.14624518245
6402.8 1.11070148211
6412.0 1.15867606509
6421.2 1.11055031263
6430.4 1.15230159903
6439.6 1.17696311888
6448.8 1.15908549274
6458.0 1.11148156885
6467.2 1.13636334662
6476.4 1.19081249167
6485.6 1.12482861273
6494.8 1.16654839057
6504.0 1.10240964681
6513.2 1.08583566348
6522.4 1.08991241197
6531.6 1.09938226696
6540.8 1.07208673746
6550.0 1.09134019516
6559.2 1.08383440571
6568.4 1.16482548461
6577.6 1.11930380618
6586.8 1.10638744865
6596.0 1.06084552908
6605.2 1.04411008457
6614.4 1.08240775926
6623.6 1.09437317414
6632.8 1.15576274482
6642.0 1.33126450878
6651.2 2.23763040235
6660.4 1.70178279513
6669.6 1.41998728932
6678.8 1.37152016124
6688.0 1.16848670811
6697.2 1.13329014671
6706.4 1.13638393601
6715.6 1.16082324839
6724.8 1.113609228
6734.0 1.12549524648
6743.2 1.15298531697
6752.4 1.07383246613
6761.6 1.06733149651
6770.8 1.12786596507
6780.0 1.07836675479
6789.2 1.10032866435
6798.4 1.1233580608
6807.6 1.23197654781
6816.8 1.22632851265
6826.0 1.15486440406
6835.2 1.10098499189
6844.4 1.09409329204
6853.6 1.06339813536
6862.8 1.02596926035
6872.0 1.00829006646
6881.2 1.14401274612
6890.4 1.02926714504
6899.6 1.02390220809
6908.8 1.04495765779
6918.0 1.00015635464
6927.2 1.0017711056
6936.4 1.00763522358
6945.6 1.04095129853
6954.8 0.953439552575
6964.0 0.997906117352
6973.2 0.962184613373
6982.4 0.94624360054
6991.6 0.973507621713
7000.8 1.0
7010.0 0.972410045207
7019.2 0.99445888455
7028.4 0.951398308456
7037.6 0.940965972302
7046.8 0.957779015
7056.0 0.943619470489
7065.2 0.981428651009
7074.4 0.968810999369
7083.6 0.943744068517
7092.8 0.933966695329
7102.0 0.951113591839
7111.2 0.926769967184
7120.4 0.923330915202
7129.6 0.919727491758
7138.8 0.936805563442
7148.0 0.990103846755
7157.2 0.944472395672
7166.4 0.958808056708
7175.6 0.988667711334
7184.8 0.982503022834
7194.0 1.01002286092
7203.2 1.0512937889
7212.4 1.0360136132
7221.6 0.926296223344
7230.8 1.00740604015
7240.0 0.958021625886
7249.2 0.997249887874
7258.4 0.950109094411
7267.6 0.985028338602
7276.8 0.990719913238
7286.0 0.998091575265
7295.2 0.934480161842
7304.4 0.964924240715
7313.6 0.977922154662
7322.8 0.974892141926
7332.0 0.92059222827
7341.2 0.927563260981
7350.4 0.890123163113
7359.6 0.892556088404
7368.8 0.909744673128
7378.0 0.911268009915
7387.2 0.942029320095
7396.4 0.94486070368
7405.6 0.880432592971
7414.8 0.958620987487
7424.0 0.949920997332
7433.2 0.903783112196
7442.4 0.897452490633
7451.6 0.883538837154
7460.8 0.931180759192
7470.0 0.890140418148
7479.2 1.01794142992
7488.4 0.906118177451
7497.6 0.855776108375
7506.8 0.893940421028
7516.0 0.922071535242
7525.2 0.909109104928
7534.4 0.871801279078
7543.6 0.831558178934
7552.8 0.908117316612
7562.0 0.854436251863
7571.2 0.876094807044
7580.4 0.848194249348
7589.6 0.833771766797
7598.8 0.757620981155
7608.0 1.00573002032
7617.2 0.977935694896
7626.4 0.819369328871
7635.6 0.937711108589
7644.8 0.849094102919
7654.0 0.901441761902
7663.2 0.858785013143
7672.4 0.847680399107
7681.6 0.623341430216
7690.8 0.777230983802
7700.0 0.87154095779
7709.2 0.881197656291
7718.4 0.839835891376
7727.6 0.874104868162
7736.8 0.803514787468
7746.0 0.96998949666
7755.2 0.833703793972
7764.4 0.760881037004
7773.6 0.764522425754
7782.8 0.718346984057
7792.0 0.737847945431
7801.2 0.79263364474
7810.4 0.806562740941
7819.6 0.878413432121
7828.8 1.2566984736
7838.0 0.752031203752
7847.2 0.822898772381
7856.4 0.676610805117
7865.6 0.687814211172
7874.8 0.805590221733
7884.0 0.773901193948
7893.2 0.773399983971
7902.4 0.738612852469
7911.6 0.645149790582
7920.8 0.78265782986
7930.0 0.82849842064
7939.2 0.739466962766
7948.4 0.774364153452
7957.6 0.793755946691
7966.8 0.710892237964
7976.0 0.72327056568
7985.2 0.931073558229
7994.4 0.613745777442
