4020.0 4.59554640446
4029.19999977 4.63270004564
4038.39999955 4.98909191244
4047.59999932 4.32803558451
4056.7999991 4.4112483089
4065.99999887 4.50293826994
4075.19999864 4.55266159582
4084.39999842 4.14405453823
4093.59999819 4.00947855443
4102.79999797 4.5068196981
4111.99999774 4.50376773763
4121.19999751 5.01633110668
4130.39999729 4.52705169038
4139.59999706 4.39704232654
4148.79999684 4.23912695446
4157.99999661 4.02736360722
4167.19999638 4.10864227993
4176.39999616 3.95899693798
4185.59999593 3.83149269148
4194.7999957 3.91797574396
4203.99999548 3.85596280779
4213.19999525 4.14479689286
4222.39999503 4.06495809638
4231.5999948 3.93632456489
4240.79999457 3.86564555334
4249.99999435 3.80391488931
4259.19999412 3.90869499999
4268.3999939 3.94879796823
4277.59999367 3.99336007299
4286.79999344 3.82545217387
4295.99999322 3.79868032959
4305.19999299 3.79306652787
4314.39999277 3.68222807442
4323.59999254 3.81157405453
4332.79999231 3.33969734527
4341.99999209 3.58162950165
4351.19999186 3.62201919065
4360.39999164 3.56335584789
4369.59999141 3.1849297806
4378.79999118 3.54234621271
4387.99999096 3.53421107546
4397.19999073 3.63679813265
4406.39999051 3.65979406128
4415.59999028 3.3135230886
4424.79999005 3.42872885591
4433.99998983 3.2117289729
4443.1999896 3.39337620477
4452.39998938 3.35070236077
4461.59998915 3.06741374084
4470.79998892 3.20506014943
4479.9999887 3.80567868145
4489.19998847 3.75165269768
4498.39998825 3.17423841886
4507.59998802 3.1945455247
4516.79998779 3.25461936848
4525.99998757 3.19876038925
4535.19998734 3.21754744234
4544.39998711 3.33954333732
4553.59998689 3.25839321616
4562.79998666 3.21409290352
4571.99998644 3.25262637021
4581.19998621 3.1964511992
4590.39998598 2.97669755295
4599.59998576 3.03839023993
4608.79998553 2.95817709664
4617.99998531 2.99399471966
4627.19998508 2.94561088576
4636.39998485 3.15506009988
4645.59998463 3.11643472252
4654.7999844 2.97904430846
4663.99998418 2.97500252753
4673.19998395 2.85613810803
4682.39998372 2.90597187571
4691.5999835 2.85351218394
4700.79998327 2.85710694977
4709.99998305 2.9270954629
4719.19998282 2.91506120851
4728.39998259 2.87706535887
4737.59998237 2.72575817424
4746.79998214 2.82754431709
4755.99998192 2.89094839048
4765.19998169 2.66152452029
4774.39998146 2.82729532644
4783.59998124 2.84389863161
4792.79998101 2.82324591435
4801.99998079 2.88095765132
4811.19998056 2.79392942526
4820.39998033 2.83675812216
4829.59998011 2.68728425994
4838.79997988 2.70974793348
4847.99997965 2.62849540981
4857.19997943 2.72783608133
4866.3999792 2.74641344676
4875.59997898 2.69558448945
4884.79997875 2.70051384495
4893.99997852 2.59057861975
4903.1999783 2.6342546576
4912.39997807 2.58786781364
4921.59997785 2.79606986613
4930.79997762 2.63458877881
4939.99997739 2.52815483394
4949.19997717 2.47411124438
4958.39997694 2.50526531337
4967.59997672 2.42722314954
4976.79997649 2.37970418673
4985.99997626 2.44129016377
4995.19997604 2.47379182267
5004.39997581 2.51117294486
5013.59997559 2.48600810446
5022.79997536 2.47037265853
5031.99997513 2.43301821336
5041.19997491 2.29069835562
5050.39997468 2.31520208057
5059.59997446 2.4198062559
5068.79997423 2.51965253159
5077.999974 2.47696656952
5087.19997378 2.32149962309
5096.39997355 2.37129021077
5105.59997333 2.25568292784
5114.7999731 2.28869727495
5123.99997287 2.29881078797
5133.19997265 2.33774116494
5142.39997242 2.28470188838
5151.5999722 2.34573492106
5160.79997197 2.41956970233
5169.99997174 2.25179485792
5179.19997152 2.2288612051
5188.39997129 2.20885118878
5197.59997106 2.21835563951
5206.79997084 2.14225406121
5215.99997061 2.08926226733
5225.19997039 2.11409933485
5234.39997016 2.13258881187
5243.59996993 2.06301134034
5252.79996971 2.09975221865
5261.99996948 2.12446952794
5271.19996926 2.3704268018
5280.39996903 2.03199944243
5289.5999688 2.04969695341
5298.79996858 1.97342988407
5307.99996835 2.03356573487
5317.19996813 1.99176284675
5326.3999679 2.01272418667
5335.59996767 2.16453427807
5344.79996745 1.97949171381
5353.99996722 1.9201570114
5363.199967 1.98378248373
5372.39996677 1.93234717882
5381.59996654 1.92220333168
5390.79996632 1.93118877814
5399.99996609 1.90218674753
5409.19996587 1.8838564379
5418.39996564 1.92967211947
5427.59996541 1.89849138043
5436.79996519 1.91801331666
5445.99996496 1.7727326466
5455.19996474 1.81322523725
5464.39996451 1.79164199497
5473.59996428 1.88080707622
5482.79996406 1.82285065205
5491.99996383 1.86997088277
5501.1999636 1.77600106342
5510.39996338 1.80874864338
5519.59996315 1.76755234681
5528.79996293 1.76457461276
5537.9999627 1.74836155755
5547.19996247 1.76514369774
5556.39996225 1.77544185924
5565.59996202 1.7282040671
5574.7999618 1.8066439789
5583.99996157 1.74793506693
5593.19996134 1.70896625563
5602.39996112 1.726924217
5611.59996089 1.75330587775
5620.79996067 1.72322492962
5629.99996044 1.70296493593
5639.19996021 1.63145717141
5648.39995999 1.69484533731
5657.59995976 1.6371590269
5666.79995954 1.6848415229
5675.99995931 1.62183913994
5685.19995908 1.62540749574
5694.39995886 1.60620994544
5703.59995863 1.62776083808
5712.79995841 1.60820016775
5721.99995818 1.57094329559
5731.19995795 1.57131129333
5740.39995773 1.55594464177
5749.5999575 1.53128061556
5758.79995728 1.5525690975
5767.99995705 1.59044213505
5777.19995682 1.49924490145
5786.3999566 1.54920503047
5795.59995637 1.57024229899
5804.79995615 1.50148546802
5813.99995592 1.51226769827
5823.19995569 1.56395893144
5832.39995547 1.51848249705
5841.59995524 1.56698705642
5850.79995501 1.50777910809
5859.99995479 1.52179741029
5869.19995456 1.52547860337
5878.39995434 1.52168483158
5887.59995411 1.4668427791
5896.79995388 1.52845602673
5905.99995366 1.46761470112
5915.19995343 1.4679054576
5924.39995321 1.53319044897
5933.59995298 1.5266459014
5942.79995275 1.54773806075
5951.99995253 1.54954207304
5961.1999523 1.49965385158
5970.39995208 1.44850300557
5979.59995185 1.4479261521
5988.79995162 1.45297920575
5997.9999514 1.48795213399
6007.19995117 1.49456600299
6016.39995095 1.50072371193
6025.59995072 1.4673802484
6034.79995049 1.44991460942
6043.99995027 1.49821128379
6053.19995004 1.50199400844
6062.39994982 1.46352299684
6071.59994959 1.44748880151
6080.79994936 1.39460574333
6089.99994914 1.43969268629
6099.19994891 1.39746327426
6108.39994869 1.37208019918
6117.59994846 1.40787560749
6126.79994823 1.38580991788
6135.99994801 1.39245393232
6145.19994778 1.34890579206
6154.39994755 1.40683874597
6163.59994733 1.31959749492
6172.7999471 1.32757101992
6181.99994688 1.30521320782
6191.19994665 1.32109287691
6200.39994642 1.30092528206
6209.5999462 1.29111435907
6218.79994597 1.29673266405
6227.99994575 1.24435177398
6237.19994552 1.29265975328
6246.39994529 1.30322112617
6255.59994507 1.26118727971
6264.79994484 1.2447803047
6273.99994462 1.21032924475
6283.19994439 1.2524385753
6292.39994416 1.27592664452
6301.59994394 1.289359637
6310.79994371 1.26260681135
6319.99994349 1.25597799162
6329.19994326 1.25183994927
6338.39994303 1.27947447238
6347.59994281 1.26107298273
6356.79994258 1.23065560319
6365.99994236 1.24024711566
6375.19994213 1.18391858472
6384.3999419 1.21426535489
6393.59994168 1.22174774379
6402.79994145 1.18415625809
6411.99994123 1.22187897181
6421.199941 1.17947972791
6430.39994077 1.20469267329
6439.59994055 1.17731304124
6448.79994032 1.218277132
6457.9999401 1.1714876297
6467.19993987 1.20801090664
6476.39993964 1.18912380018
6485.59993942 1.18615913183
6494.79993919 1.21409922627
6503.99993896 1.16131809868
6513.19993874 1.17029250479
6522.39993851 1.16489731028
6531.59993829 1.16680790692
6540.79993806 1.19346681274
6549.99993783 1.19379763493
6559.19993761 1.12414563267
6568.39993738 1.18740994665
6577.59993716 1.18699404369
6586.79993693 1.15731389704
6595.9999367 1.09578742338
6605.19993648 1.15192126778
6614.39993625 1.16400441807
6623.59993603 1.20426122098
6632.7999358 1.19655549544
6641.99993557 1.41624583618
6651.19993535 1.85111913632
6660.39993512 1.52608637484
6669.5999349 1.33550514588
6678.79993467 1.30802625799
6687.99993444 1.19491751407
6697.19993422 1.17458365371
6706.39993399 1.1686517953
6715.59993377 1.13016667668
6724.79993354 1.13636254395
6733.99993331 1.10555468507
6743.19993309 1.15443478555
6752.39993286 1.20308832268
6761.59993264 1.13021609025
6770.79993241 1.12775381645
6779.99993218 1.12152537297
6789.19993196 1.10606086433
6798.39993173 1.15754977806
6807.59993151 1.25666591433
6816.79993128 1.23073808833
6825.99993105 1.14806735564
6835.19993083 1.12784400485
6844.3999306 1.08777049814
6853.59993037 1.1072951818
6862.79993015 0.950191425954
6871.99992992 1.15822773069
6881.1999297 1.12451497177
6890.39992947 1.01236213719
6899.59992924 1.10528604418
6908.79992902 1.06028676851
6917.99992879 1.0729178011
6927.19992857 1.03120891971
6936.39992834 1.03151538331
6945.59992811 1.03877907313
6954.79992789 1.01551114442
6963.99992766 1.0263386364
6973.19992744 0.95521013677
6982.39992721 1.02409901272
6991.59992698 1.03621003321
7000.79992676 1.0
7009.99992653 0.993380230507
7019.19992631 1.02566779226
7028.39992608 0.997052466797
7037.59992585 1.03842885474
7046.79992563 0.986798436604
7055.9999254 0.975234159425
7065.19992518 0.969962642313
7074.39992495 0.943697884074
7083.59992472 0.986583939439
7092.7999245 0.980113652592
7101.99992427 1.01118816391
7111.19992405 1.00052879824
7120.39992382 0.989974346551
7129.59992359 0.939068020391
7138.79992337 0.998630111573
7147.99992314 0.95768612076
7157.19992291 0.93614661112
7166.39992269 0.992454245652
7175.59992246 1.03817201985
7184.79992224 0.997071830351
7193.99992201 0.990751146559
7203.19992178 1.0720440964
7212.39992156 0.997740241474
7221.59992133 0.94302406435
7230.79992111 0.972776891071
7239.99992088 1.00600956804
7249.19992065 1.04909967687
7258.39992043 0.988713591372
7267.5999202 1.06068029967
7276.79991998 0.973517556382
7285.99991975 0.918723558844
7295.19991952 1.00063886124
7304.3999193 0.975133301932
7313.59991907 0.99164433251
7322.79991885 0.936539862215
7331.99991862 0.908531983927
7341.19991839 0.917180336281
7350.39991817 0.905097272639
7359.59991794 0.923522318348
7368.79991772 0.924070255037
7377.99991749 0.870842918552
7387.19991726 0.957176675432
7396.39991704 0.950352106133
7405.59991681 0.888913624214
7414.79991659 0.938883691239
7423.99991636 0.931039177714
7433.19991613 0.905723918322
7442.39991591 0.892972127118
7451.59991568 0.926482749989
7460.79991546 0.942681507621
7469.99991523 0.8656169965
7479.199915 0.860421460796
7488.39991478 0.914642227315
7497.59991455 0.877259069207
7506.79991432 0.875114621673
7515.9999141 0.915245524157
7525.19991387 0.98765234906
7534.39991365 0.884959556203
7543.59991342 0.884322245865
7552.79991319 0.950056559599
7561.99991297 0.829277400729
7571.19991274 0.879815240753
7580.39991252 0.882700167511
7589.59991229 0.560748504001
7598.79991206 0.613389726872
7607.99991184 1.27977747869
7617.19991161 0.894546027185
7626.39991139 0.896404855388
7635.59991116 1.00806268378
7644.79991093 0.976973350334
7653.99991071 0.815809498442
7663.19991048 0.898819917234
7672.39991026 0.975465196822
7681.59991003 0.811862058776
7690.7999098 0.870006368087
7699.99990958 0.932631491795
7709.19990935 0.841149880648
7718.39990913 0.842362096521
7727.5999089 0.915831845486
7736.79990867 0.998131950632
7745.99990845 1.04732354846
7755.19990822 0.857327916665
7764.399908 0.813073398656
7773.59990777 0.778064681646
7782.79990754 0.801898441664
7791.99990732 0.853989418473
7801.19990709 0.892219841184
7810.39990686 0.956158079346
7819.59990664 0.824457237461
7828.79990641 0.930262878723
7837.99990619 0.908351474204
7847.19990596 0.69322068886
7856.39990573 0.927963881523
7865.59990551 1.02491125432
7874.79990528 0.925482220235
7883.99990506 0.858336331364
7893.19990483 0.81681600514
7902.3999046 0.854402821292
7911.59990438 1.01121137592
7920.79990415 0.964162455974
7929.99990393 0.900283573443
7939.1999037 0.824197266616
7948.39990347 0.946524328546
7957.59990325 0.869552715929
7966.79990302 0.859187621568
7975.9999028 1.00138989334
7985.19990257 0.917501172899
7994.39990234 0.813851433983
