4020.0 4.57672966349
4029.2 6.09030712112
4038.4 5.63587187593
4047.6 4.63301846392
4056.8 3.62649319799
4066.0 5.88877162908
4075.2 4.55362773434
4084.4 4.36574809878
4093.6 3.72384700298
4102.8 3.75339351847
4112.0 3.56448574452
4121.2 4.07877073451
4130.4 3.45471769982
4139.6 3.79384590944
4148.8 4.12297956873
4158.0 3.80953934816
4167.2 3.2768781187
4176.4 3.79868003572
4185.6 3.64170673516
4194.8 3.16459206215
4204.0 3.57547333613
4213.2 3.5402116849
4222.4 3.96474895402
4231.6 4.23702690228
4240.8 2.84176196753
4250.0 3.84737956282
4259.2 3.34497483697
4268.4 3.82427203578
4277.6 3.49565145539
4286.8 2.96825252153
4296.0 3.41044251096
4305.2 2.56812607354
4314.4 3.00953411803
4323.6 3.19302271517
4332.8 2.93904860998
4342.0 3.10083454207
4351.2 3.11358108623
4360.4 2.98049871961
4369.6 2.75790203517
4378.8 2.86951584456
4388.0 2.96491186225
4397.2 3.36530863602
4406.4 3.4280622006
4415.6 3.30628035077
4424.8 3.40938036441
4434.0 3.11626633342
4443.2 2.90708449262
4452.4 2.6707013564
4461.6 2.7768092718
4470.8 2.6931852042
4480.0 2.69772742773
4489.2 3.0057343683
4498.4 2.91831095976
4507.6 2.39285712246
4516.8 2.6662765088
4526.0 3.02912203486
4535.2 2.94960498496
4544.4 2.8925268393
4553.6 3.12202895741
4562.8 3.17994321019
4572.0 2.62320484947
4581.2 2.90597834287
4590.4 2.81216638714
4599.6 2.49654733703
4608.8 2.80873397032
4618.0 2.58176317063
4627.2 2.73863478857
4636.4 2.46497092688
4645.6 2.48600613606
4654.8 2.33592150816
4664.0 2.71358467188
4673.2 2.80195148007
4682.4 2.42283534264
4691.6 2.67069266726
4700.8 2.5777008057
4710.0 2.83136193317
4719.2 2.39521275073
4728.4 2.58370787896
4737.6 2.551417886
4746.8 2.52407910307
4756.0 2.87461570609
4765.2 2.57809533877
4774.4 2.62494912786
4783.6 2.91734022875
4792.8 2.71564877782
4802.0 2.76544521705
4811.2 2.61231112539
4820.4 2.62247291848
4829.6 2.60619563637
4838.8 2.58050169007
4848.0 2.27676960589
4857.2 2.42143376123
4866.4 2.24877421266
4875.6 2.43334674865
4884.8 2.31419119627
4894.0 2.45880275012
4903.2 2.42484865413
4912.4 2.2567335238
4921.6 2.65442125513
4930.8 2.37157427628
4940.0 2.284270992
4949.2 2.4037303266
4958.4 2.47064713389
4967.6 2.40869920967
4976.8 2.2955850118
4986.0 2.25868171926
4995.2 2.23560589054
5004.4 2.29562032417
5013.6 2.35315593512
5022.8 2.24503127548
5032.0 2.21663356477
5041.2 2.06794645527
5050.4 2.16709777286
5059.6 1.97926508874
5068.8 2.09534462427
5078.0 2.29675785456
5087.2 2.1163036909
5096.4 2.05220385679
5105.6 2.02426586002
5114.8 2.12518826448
5124.0 2.17693758999
5133.2 2.11638966557
5142.4 2.38071720148
5151.6 2.2463859893
5160.8 2.3118495976
5170.0 2.16751520311
5179.2 1.98760548206
5188.4 2.03499948578
5197.6 2.0598166189
5206.8 2.00546707861
5216.0 1.86180429315
5225.2 1.83664246969
5234.4 1.98548186864
5243.6 1.81562625608
5252.8 2.01390455534
5262.0 1.99105976509
5271.2 1.87401030516
5280.4 1.81703544612
5289.6 1.79984133798
5298.8 1.83060081602
5308.0 1.94032020222
5317.2 1.96919574338
5326.4 1.85109505959
5335.6 1.88532615484
5344.8 1.79305899578
5354.0 1.82645164907
5363.2 1.81325602455
5372.4 1.77237720683
5381.6 1.93575582529
5390.8 1.72406130965
5400.0 1.70676505292
5409.2 1.67088249853
5418.4 1.74087896665
5427.6 1.79215416631
5436.8 1.68664884976
5446.0 1.65785361851
5455.2 1.76950137359
5464.4 1.62581105038
5473.6 1.66706236737
5482.8 1.65832403784
5492.0 1.62094839832
5501.2 1.65631038189
5510.4 1.80704313018
5519.6 1.67899806585
5528.8 1.59487381714
5538.0 1.62179627223
5547.2 1.62772706324
5556.4 1.69169892225
5565.6 1.59062537957
5574.8 1.77925158932
5584.0 1.61234551006
5593.2 1.60149764022
5602.4 1.65554373348
5611.6 1.62593313364
5620.8 1.46636886849
5630.0 1.44551429861
5639.2 1.51168136449
5648.4 1.47503676574
5657.6 1.56430024589
5666.8 1.48390132446
5676.0 1.55100804058
5685.2 1.48072089636
5694.4 1.53109910913
5703.6 1.58612929144
5712.8 1.45260313397
5722.0 1.49668502305
5731.2 1.63155813323
5740.4 1.51475417391
5749.6 1.47699687991
5758.8 1.52057544414
5768.0 1.45127800654
5777.2 1.42901962052
5786.4 1.39429782185
5795.6 1.51693703898
5804.8 1.39099728093
5814.0 1.53564721828
5823.2 1.41472860584
5832.4 1.37947113331
5841.6 1.44085628315
5850.8 1.40148996002
5860.0 1.56689908635
5869.2 1.59111275344
5878.4 1.34102856464
5887.6 1.35418840783
5896.8 1.49473024887
5906.0 1.32928266328
5915.2 1.49456776678
5924.4 1.39170982138
5933.6 1.36927354816
5942.8 1.41726188359
5952.0 1.54292815775
5961.2 1.4404796365
5970.4 1.4893897722
5979.6 1.4822560114
5988.8 1.38026123109
5998.0 1.48193531047
6007.2 1.51674439413
6016.4 1.52883019298
6025.6 1.50402758879
6034.8 1.4515280462
6044.0 1.63943135825
6053.2 1.45472238851
6062.4 1.36958498006
6071.6 1.3026464325
6080.8 1.44474352637
6090.0 1.41071477776
6099.2 1.41258232682
6108.4 1.45285051997
6117.6 1.32273457757
6126.8 1.35799930223
6136.0 1.28603536411
6145.2 1.29474157645
6154.4 1.28833720247
6163.6 1.25863525721
6172.8 1.24915216183
6182.0 1.21082599552
6191.2 1.21906650694
6200.4 1.24557205254
6209.6 1.23146634647
6218.8 1.26065802416
6228.0 1.2490372025
6237.2 1.2986019912
6246.4 1.15963078437
6255.6 1.3197228648
6264.8 1.26804030575
6274.0 1.17962565594
6283.2 1.27369231199
6292.4 1.20832416984
6301.6 1.1786176272
6310.8 1.23163453857
6320.0 1.15006497671
6329.2 1.14387431355
6338.4 1.23198942273
6347.6 1.12304571086
6356.8 1.16479329142
6366.0 1.20216503295
6375.2 1.21677599579
6384.4 1.254215905
6393.6 1.15768701539
6402.8 1.14856793526
6412.0 1.13287439191
6421.2 1.13472533282
6430.4 1.19421207459
6439.6 1.20681158059
6448.8 1.19275179261
6458.0 1.20519749491
6467.2 1.18733597335
6476.4 1.09765359479
6485.6 1.24436814642
6494.8 1.17219546928
6504.0 1.15039286774
6513.2 1.14360156251
6522.4 1.1518439689
6531.6 1.12328374893
6540.8 1.10982642087
6550.0 1.12688218033
6559.2 1.02026974092
6568.4 1.17052192774
6577.6 1.19669631708
6586.8 1.10371280385
6596.0 1.2360943886
6605.2 1.09567570954
6614.4 1.16517104053
6623.6 1.17653788478
6632.8 1.34880066825
6642.0 1.64166614276
6651.2 2.52568541797
6660.4 1.7782599997
6669.6 1.55263533705
6678.8 1.41579797097
6688.0 1.37555529187
6697.2 1.19875113552
6706.4 1.21039939073
6715.6 1.20190888215
6724.8 1.2135861291
6734.0 1.22404609994
6743.2 1.28490253041
6752.4 1.23336587941
6761.6 1.29969288818
6770.8 1.25063131019
6780.0 1.28259065027
6789.2 1.15444237964
6798.4 1.28585912761
6807.6 1.36822271504
6816.8 1.44224624463
6826.0 1.28412678276
6835.2 1.14353561394
6844.4 1.06797143938
6853.6 1.09108582686
6862.8 1.09238177712
6872.0 1.05116346057
6881.2 1.15930722041
6890.4 1.07766254181
6899.6 1.087933143
6908.8 1.07764889648
6918.0 1.069150252
6927.2 1.00374532028
6936.4 1.00165669279
6945.6 1.03522425425
6954.8 0.962493654508
6964.0 0.936873753126
6973.2 0.949871584824
6982.4 1.03998946421
6991.6 0.908362714146
7000.8 1.0
7010.0 0.955674377365
7019.2 1.07198686004
7028.4 1.06824143126
7037.6 0.947472051324
7046.8 1.09781290677
7056.0 1.12106843398
7065.2 0.996087276816
7074.4 0.954611371976
7083.6 1.03343376474
7092.8 1.01972782979
7102.0 1.12607005522
7111.2 0.935004016278
7120.4 1.00590934775
7129.6 1.02283407394
7138.8 0.965647389345
7148.0 1.06436487929
7157.2 1.0124470678
7166.4 0.980886980874
7175.6 1.03239781747
7184.8 0.926630311645
7194.0 0.861328299975
7203.2 1.01452963952
7212.4 1.08512109432
7221.6 1.06600752299
7230.8 0.869730104232
7240.0 0.948731795216
7249.2 0.969808386393
7258.4 0.881972771375
7267.6 0.984596692214
7276.8 0.923661530282
7286.0 1.01441479759
7295.2 0.907744275062
7304.4 0.99334624552
7313.6 1.00700634913
7322.8 0.965069106183
7332.0 0.781822167856
7341.2 0.980773064053
7350.4 0.985640540723
7359.6 0.972280340344
7368.8 0.915630547804
7378.0 0.869153849958
7387.2 1.06175647068
7396.4 1.10266963815
7405.6 1.01505186152
7414.8 1.00131860237
7424.0 1.05232514159
7433.2 0.959435026484
7442.4 0.824001533587
7451.6 0.989671498347
7460.8 1.07189370577
7470.0 0.842354846725
7479.2 0.82128493657
7488.4 0.802756607127
7497.6 0.876685372076
7506.8 1.0119030056
7516.0 0.89448328429
7525.2 0.941406889139
7534.4 0.906978292884
7543.6 0.905111224672
7552.8 1.00933176814
7562.0 0.922886398894
7571.2 0.983638155801
7580.4 0.920030799042
7589.6 0.77218757119
7598.8 0.571479682277
7608.0 1.37677009971
7617.2 0.98029636055
7626.4 0.703535122618
7635.6 1.31991969756
7644.8 1.00187628721
7654.0 1.02198731229
7663.2 1.05318497777
7672.4 0.875282784638
7681.6 0.815585937905
7690.8 0.847181444827
7700.0 0.879664553907
7709.2 1.0622964821
7718.4 0.719375648384
7727.6 0.886859158556
7736.8 1.04284516194
7746.0 1.2939145226
7755.2 1.1635230644
7764.4 0.82579723814
7773.6 0.840350343339
7782.8 0.955840352071
7792.0 0.749271542405
7801.2 0.827389636985
7810.4 0.831326815617
7819.6 0.84196970047
7828.8 0.941342609179
7838.0 0.908349634401
7847.2 0.547488883612
7856.4 0.711698673566
7865.6 1.00908298771
7874.8 0.906299384322
7884.0 1.03084111921
7893.2 0.645635744296
7902.4 1.05258273788
7911.6 0.673028856918
7920.8 0.884903984477
7930.0 1.04103163104
7939.2 0.718853644449
7948.4 1.03311420273
7957.6 1.13362748216
7966.8 0.55406203776
7976.0 1.17814952491
7985.2 1.03385994107
7994.4 0.78923690688
