4020.0 4.21903196496
4029.19999977 4.93116475525
4038.39999955 4.47228540193
4047.59999932 4.74085870775
4056.7999991 4.51586693841
4065.99999887 4.35146474124
4075.19999864 4.81764798889
4084.39999842 4.19288970635
4093.59999819 4.18971118995
4102.79999797 4.61001518612
4111.99999774 4.15799324204
4121.19999751 4.17388098347
4130.39999729 4.38140815749
4139.59999706 4.58181969727
4148.79999684 4.09274143882
4157.99999661 4.30649062632
4167.19999638 4.27202030817
4176.39999616 3.88455554964
4185.59999593 3.98243058551
4194.7999957 4.09775647439
4203.99999548 4.04986465438
4213.19999525 3.87719659264
4222.39999503 4.07598386286
4231.5999948 3.74237856149
4240.79999457 4.02183244908
4249.99999435 3.9551791812
4259.19999412 3.9478924755
4268.3999939 3.9071419118
4277.59999367 3.884233403
4286.79999344 3.81630718796
4295.99999322 3.67925411835
4305.19999299 3.60054067858
4314.39999277 3.86499104618
4323.59999254 3.63851216126
4332.79999231 3.51091896247
4341.99999209 3.5857720301
4351.19999186 3.75391697803
4360.39999164 3.59313606434
4369.59999141 3.61911440419
4378.79999118 3.50812445752
4387.99999096 3.67509509051
4397.19999073 3.69421268712
4406.39999051 3.55334127666
4415.59999028 3.38117211492
4424.79999005 3.18386103818
4433.99998983 3.59405439615
4443.1999896 3.47430597024
4452.39998938 3.32817200248
4461.59998915 3.3934610841
4470.79998892 3.39149462764
4479.9999887 3.45103814526
4489.19998847 3.36058464142
4498.39998825 3.28529165674
4507.59998802 3.25680163436
4516.79998779 3.21190911202
4525.99998757 3.33085171782
4535.19998734 3.33053201127
4544.39998711 3.23413783226
4553.59998689 3.3559049274
4562.79998666 3.3529944112
4571.99998644 3.16003565108
4581.19998621 3.29193073213
4590.39998598 2.96416144613
4599.59998576 3.16262961703
4608.79998553 3.18323238862
4617.99998531 3.20926995972
4627.19998508 3.21768737751
4636.39998485 3.09197384531
4645.59998463 3.11808191315
4654.7999844 3.00233935072
4663.99998418 2.93298926772
4673.19998395 2.97685516703
4682.39998372 3.01368156956
4691.5999835 2.96370759815
4700.79998327 3.02893687016
4709.99998305 2.97136254071
4719.19998282 3.06601351495
4728.39998259 2.95890704231
4737.59998237 2.98278521643
4746.79998214 3.00618279926
4755.99998192 3.2089625243
4765.19998169 3.04567719528
4774.39998146 3.01590210857
4783.59998124 3.08004038427
4792.79998101 3.08871583237
4801.99998079 2.93116871991
4811.19998056 3.04630824499
4820.39998033 2.95660286943
4829.59998011 2.91338339105
4838.79997988 2.95827541772
4847.99997965 2.86785990693
4857.19997943 2.92537982475
4866.3999792 2.86953668247
4875.59997898 2.84267394938
4884.79997875 2.88466895517
4893.99997852 2.84373071344
4903.1999783 2.83863359601
4912.39997807 2.73874335554
4921.59997785 2.81562007835
4930.79997762 2.8831266431
4939.99997739 2.70393164769
4949.19997717 2.57775461187
4958.39997694 2.66077417652
4967.59997672 2.54690379718
4976.79997649 2.58756633448
4985.99997626 2.57137650347
4995.19997604 2.50579040067
5004.39997581 2.593099396
5013.59997559 2.58212032966
5022.79997536 2.58103616598
5031.99997513 2.50662453464
5041.19997491 2.48139326093
5050.39997468 2.54208331772
5059.59997446 2.41408603195
5068.79997423 2.50627219158
5077.999974 2.49402755997
5087.19997378 2.4953192017
5096.39997355 2.42777031487
5105.59997333 2.41596504857
5114.7999731 2.4539705287
5123.99997287 2.3960775413
5133.19997265 2.36111146063
5142.39997242 2.35792027422
5151.5999722 2.35650037764
5160.79997197 2.35939904009
5169.99997174 2.29471894984
5179.19997152 2.3064924336
5188.39997129 2.25618020525
5197.59997106 2.22270019447
5206.79997084 2.33362428192
5215.99997061 2.23923623566
5225.19997039 2.25578096683
5234.39997016 2.18828438736
5243.59996993 2.20897098919
5252.79996971 2.14485433597
5261.99996948 2.12664183534
5271.19996926 2.11831783045
5280.39996903 2.1265772017
5289.5999688 2.14906027322
5298.79996858 2.07215651725
5307.99996835 2.10705763312
5317.19996813 2.10629012592
5326.3999679 2.06336327404
5335.59996767 2.07198116402
5344.79996745 1.97797912739
5353.99996722 2.00255117012
5363.199967 2.00708975847
5372.39996677 2.01110192523
5381.59996654 1.99423993879
5390.79996632 1.99756488012
5399.99996609 1.97386537897
5409.19996587 1.97278229845
5418.39996564 2.01339983154
5427.59996541 1.99594578518
5436.79996519 1.93717161519
5445.99996496 1.94192750543
5455.19996474 1.96839004831
5464.39996451 1.95021639166
5473.59996428 1.89795413957
5482.79996406 1.88429003706
5491.99996383 1.89267211621
5501.1999636 1.87483727844
5510.39996338 1.9083277124
5519.59996315 1.88858407667
5528.79996293 1.82963364316
5537.9999627 1.85138424394
5547.19996247 1.82568587209
5556.39996225 1.84957282541
5565.59996202 1.80456672146
5574.7999618 1.88647779537
5583.99996157 1.85727526368
5593.19996134 1.82673245953
5602.39996112 1.82333651934
5611.59996089 1.75653315092
5620.79996067 1.80088457618
5629.99996044 1.79395311025
5639.19996021 1.77119223929
5648.39995999 1.75133731095
5657.59995976 1.73797225752
5666.79995954 1.75605620882
5675.99995931 1.74102899582
5685.19995908 1.72043912238
5694.39995886 1.72265305672
5703.59995863 1.68765401859
5712.79995841 1.73393391406
5721.99995818 1.68245512706
5731.19995795 1.65224925616
5740.39995773 1.68470481268
5749.5999575 1.64836398308
5758.79995728 1.60364286299
5767.99995705 1.68521990032
5777.19995682 1.6533231551
5786.3999566 1.67615514339
5795.59995637 1.584996337
5804.79995615 1.61371870562
5813.99995592 1.60756779857
5823.19995569 1.69232544234
5832.39995547 1.63296640698
5841.59995524 1.59653170429
5850.79995501 1.5874319041
5859.99995479 1.58258431536
5869.19995456 1.54011998343
5878.39995434 1.63941883719
5887.59995411 1.54281063083
5896.79995388 1.57494501397
5905.99995366 1.63206159869
5915.19995343 1.53832120308
5924.39995321 1.57220337381
5933.59995298 1.53731171052
5942.79995275 1.53456488339
5951.99995253 1.60211810956
5961.1999523 1.54144235097
5970.39995208 1.55282259144
5979.59995185 1.54264428704
5988.79995162 1.48831393368
5997.9999514 1.5422635733
6007.19995117 1.52965553236
6016.39995095 1.52467428185
6025.59995072 1.50594017246
6034.79995049 1.53239840232
6043.99995027 1.49440423152
6053.19995004 1.52376426331
6062.39994982 1.52918174288
6071.59994959 1.49636372775
6080.79994936 1.50860258127
6089.99994914 1.44453434576
6099.19994891 1.45908988924
6108.39994869 1.48486674892
6117.59994846 1.48061307826
6126.79994823 1.45306372422
6135.99994801 1.4127392942
6145.19994778 1.4684006223
6154.39994755 1.43091271594
6163.59994733 1.42293466346
6172.7999471 1.38912291966
6181.99994688 1.36551276345
6191.19994665 1.38298735987
6200.39994642 1.36511192425
6209.5999462 1.33952253034
6218.79994597 1.38479004045
6227.99994575 1.38078325929
6237.19994552 1.36613030027
6246.39994529 1.34098997444
6255.59994507 1.32030562889
6264.79994484 1.2848502241
6273.99994462 1.26576607776
6283.19994439 1.318129704
6292.39994416 1.30643001433
6301.59994394 1.29607496186
6310.79994371 1.30052490914
6319.99994349 1.2933150714
6329.19994326 1.29863867569
6338.39994303 1.27248810996
6347.59994281 1.27589764669
6356.79994258 1.24707421269
6365.99994236 1.26049625313
6375.19994213 1.27880556164
6384.3999419 1.29311962622
6393.59994168 1.23832348316
6402.79994145 1.27921772587
6411.99994123 1.26942008242
6421.199941 1.27273790601
6430.39994077 1.246787992
6439.59994055 1.26761848388
6448.79994032 1.23807844376
6457.9999401 1.21903141587
6467.19993987 1.25327420775
6476.39993964 1.25192888534
6485.59993942 1.25500614638
6494.79993919 1.2364745132
6503.99993896 1.18021416411
6513.19993874 1.19828716646
6522.39993851 1.22409301274
6531.59993829 1.17374550963
6540.79993806 1.18637440593
6549.99993783 1.22174483088
6559.19993761 1.21210311896
6568.39993738 1.21807644124
6577.59993716 1.2345118278
6586.79993693 1.24525953907
6595.9999367 1.1570982708
6605.19993648 1.15980117374
6614.39993625 1.18721373823
6623.59993603 1.13270317197
6632.7999358 1.26817924804
6641.99993557 1.25634491136
6651.19993535 1.78251184359
6660.39993512 1.45713268689
6669.5999349 1.34736018377
6678.79993467 1.32104668807
6687.99993444 1.24127887482
6697.19993422 1.15749898795
6706.39993399 1.20098435276
6715.59993377 1.19072612241
6724.79993354 1.1619648081
6733.99993331 1.1815652028
6743.19993309 1.22734733133
6752.39993286 1.18414634325
6761.59993264 1.18570171882
6770.79993241 1.16713302857
6779.99993218 1.15842932373
6789.19993196 1.15367827933
6798.39993173 1.17978052285
6807.59993151 1.22260231147
6816.79993128 1.22335133498
6825.99993105 1.16967617935
6835.19993083 1.13639126592
6844.3999306 1.13034714424
6853.59993037 1.09239596075
6862.79993015 1.00553448444
6871.99992992 1.12383614379
6881.1999297 1.13739916047
6890.39992947 1.03639482965
6899.59992924 1.12819402869
6908.79992902 1.09909414212
6917.99992879 1.09928023661
6927.19992857 1.069249851
6936.39992834 1.05494513616
6945.59992811 1.03433209158
6954.79992789 1.01378512451
6963.99992766 1.06526298693
6973.19992744 0.986057636911
6982.39992721 1.00380101986
6991.59992698 1.03006310627
7000.79992676 1.0
7009.99992653 0.994738650473
7019.19992631 1.02528137991
7028.39992608 1.05004334853
7037.59992585 1.03260857114
7046.79992563 0.969256871143
7055.9999254 1.03294434868
7065.19992518 1.00349526093
7074.39992495 0.993259152533
7083.59992472 0.983854455879
7092.7999245 0.998656715745
7101.99992427 0.982744003011
7111.19992405 1.0094645033
7120.39992382 0.962486699545
7129.59992359 0.943128048251
7138.79992337 0.973256577473
7147.99992314 1.00493034503
7157.19992291 0.957223446727
7166.39992269 0.94319300459
7175.59992246 0.978668951276
7184.79992224 0.987078068731
7193.99992201 0.991656290233
7203.19992178 1.05774240574
7212.39992156 1.0596190026
7221.59992133 0.969131865715
7230.79992111 0.989626817368
7239.99992088 0.948454189378
7249.19992065 0.988940515921
7258.39992043 0.920729137269
7267.5999202 0.906033190697
7276.79991998 0.959635873753
7285.99991975 0.959214603427
7295.19991952 0.95428380241
7304.3999193 0.966938475913
7313.59991907 0.99242665128
7322.79991885 0.983466720907
7331.99991862 0.982871175027
7341.19991839 0.969325832305
7350.39991817 0.955374199414
7359.59991794 0.934430174371
7368.79991772 0.929489857739
7377.99991749 0.96769072146
7387.19991726 0.960066770111
7396.39991704 0.947351441179
7405.59991681 0.889889982775
7414.79991659 0.950917710891
7423.99991636 0.954072185073
7433.19991613 0.907126080379
7442.39991591 0.935488892529
7451.59991568 0.913975111774
7460.79991546 0.923550077667
7469.99991523 0.913054479918
7479.199915 0.899078472629
7488.39991478 0.902608817691
7497.59991455 0.924806329616
7506.79991432 0.896197998209
7515.9999141 0.905858924592
7525.19991387 0.970182819822
7534.39991365 0.882291169654
7543.59991342 0.895563345069
7552.79991319 0.921852037528
7561.99991297 0.867901928297
7571.19991274 0.908538696028
7580.39991252 0.886296738225
7589.59991229 0.707751877814
7598.79991206 0.669715924158
7607.99991184 1.24283010062
7617.19991161 0.946634145894
7626.39991139 0.869886520962
7635.59991116 1.05320383627
7644.79991093 0.961596423284
7653.99991071 0.942859104199
7663.19991048 0.940488266285
7672.39991026 0.917553598255
7681.59991003 0.816081082487
7690.7999098 0.840237178186
7699.99990958 0.849542751715
7709.19990935 0.843362725073
7718.39990913 0.870636450663
7727.5999089 0.86042699528
7736.79990867 0.910029409479
7745.99990845 0.913561742741
7755.19990822 0.831896638048
7764.399908 0.749246356884
7773.59990777 0.850421784921
7782.79990754 0.789296480855
7791.99990732 0.77375536789
7801.19990709 0.850892232533
7810.39990686 0.890426904275
7819.59990664 0.782238919175
7828.79990641 0.837773591877
7837.99990619 0.802749654393
7847.19990596 0.754692808408
7856.39990573 0.792910277526
7865.59990551 0.860599762584
7874.79990528 0.859670238384
7883.99990506 0.811409143069
7893.19990483 0.820824975476
7902.3999046 0.756366702164
7911.59990438 0.709281451513
7920.79990415 0.791186009157
7929.99990393 0.811806554114
7939.1999037 0.810063239346
7948.39990347 0.877780552493
7957.59990325 0.812127425385
7966.79990302 0.739317229545
7975.9999028 0.843013713746
7985.19990257 0.822260875342
7994.39990234 0.820025461731
