4020.0 4.71236018418
4029.2 4.81021316831
4038.4 4.73396745819
4047.6 4.62762036531
4056.8 4.37918998589
4066.0 4.42738078489
4075.2 4.52408043233
4084.4 4.22416841431
4093.6 4.30505950471
4102.8 4.19632877159
4112.0 4.26306876724
4121.2 4.08322044384
4130.4 4.24616643191
4139.6 4.14346584498
4148.8 3.85101523144
4158.0 4.04149785027
4167.2 3.88024276241
4176.4 4.16321784254
4185.6 3.78131166645
4194.8 3.884150569
4204.0 3.83445700787
4213.2 4.07279147791
4222.4 3.69489899431
4231.6 3.86186800049
4240.8 3.88432707
4250.0 3.7576832054
4259.2 3.54353531383
4268.4 3.80626289199
4277.6 3.61485247571
4286.8 3.72035469995
4296.0 3.55154462821
4305.2 3.55398189237
4314.4 3.63355015392
4323.6 3.63284926827
4332.8 3.48643420922
4342.0 3.79057446477
4351.2 3.48280275307
4360.4 3.40812365677
4369.6 3.33606161378
4378.8 3.33094779033
4388.0 3.25865636472
4397.2 3.26477042423
4406.4 3.41190307366
4415.6 3.22832825087
4424.8 3.29866326443
4434.0 3.20676740804
4443.2 3.18941340905
4452.4 3.25308684566
4461.6 3.28528549145
4470.8 3.25366826897
4480.0 3.12368724224
4489.2 3.13026856829
4498.4 3.05631483924
4507.6 3.07860612707
4516.8 3.04547595143
4526.0 3.11272156938
4535.2 3.14240118029
4544.4 3.14357703377
4553.6 3.06135307575
4562.8 3.079270276
4572.0 3.09836986677
4581.2 3.13914539191
4590.4 2.87435618115
4599.6 3.13550183827
4608.8 2.95059969622
4618.0 3.03418269245
4627.2 2.99444168707
4636.4 2.904508395
4645.6 2.9186908834
4654.8 2.96710491263
4664.0 3.00450800612
4673.2 3.00847230815
4682.4 2.95637926981
4691.6 3.00895667873
4700.8 2.9264323176
4710.0 2.86499330368
4719.2 2.86817190931
4728.4 2.96403128366
4737.6 2.95546929704
4746.8 2.82878131081
4756.0 2.94330544772
4765.2 2.91602101662
4774.4 2.85527861866
4783.6 2.77200421675
4792.8 2.82526984984
4802.0 2.84603035738
4811.2 2.82952965372
4820.4 2.82348048577
4829.6 2.81980327321
4838.8 2.75476807568
4848.0 2.6925847325
4857.2 2.81332172439
4866.4 2.76744924359
4875.6 2.65170814526
4884.8 2.77284602567
4894.0 2.66237083038
4903.2 2.72095595022
4912.4 2.61921057054
4921.6 2.71307849313
4930.8 2.73761454789
4940.0 2.59248776492
4949.2 2.52916856138
4958.4 2.55778218797
4967.6 2.56506553167
4976.8 2.59530008478
4986.0 2.55985916314
4995.2 2.5594919388
5004.4 2.57163484238
5013.6 2.59865423573
5022.8 2.49411615386
5032.0 2.49316401944
5041.2 2.510684828
5050.4 2.54425428344
5059.6 2.53050379902
5068.8 2.47797914572
5078.0 2.4754506744
5087.2 2.44506765953
5096.4 2.40898869763
5105.6 2.44556142656
5114.8 2.43638679903
5124.0 2.38840790472
5133.2 2.43732628726
5142.4 2.43940614433
5151.6 2.42986730771
5160.8 2.42484415536
5170.0 2.42891682841
5179.2 2.40165769772
5188.4 2.3575064068
5197.6 2.39799813354
5206.8 2.38860076426
5216.0 2.3072438063
5225.2 2.32743051004
5234.4 2.29731723591
5243.6 2.2861963301
5252.8 2.28915120616
5262.0 2.23140912705
5271.2 2.27800384076
5280.4 2.31460841697
5289.6 2.21476710023
5298.8 2.30348980471
5308.0 2.25874865308
5317.2 2.30725209759
5326.4 2.28491828111
5335.6 2.19368884421
5344.8 2.18320112084
5354.0 2.16062921127
5363.2 2.20034678519
5372.4 2.14868706343
5381.6 2.18799265305
5390.8 2.12242155
5400.0 2.15226999323
5409.2 2.1494238832
5418.4 2.13832547054
5427.6 2.13252929249
5436.8 2.08451984532
5446.0 2.07981361767
5455.2 2.04566996743
5464.4 2.05585170885
5473.6 2.09211444334
5482.8 2.10238068291
5492.0 2.1111705983
5501.2 2.04070663053
5510.4 2.04968013229
5519.6 2.05131194026
5528.8 2.01690090282
5538.0 2.02344637742
5547.2 1.9795585358
5556.4 2.00640072612
5565.6 2.01177996696
5574.8 1.98688724149
5584.0 2.02167005482
5593.2 2.0308249108
5602.4 1.93204352516
5611.6 1.93636854921
5620.8 1.92484003646
5630.0 1.92993613478
5639.2 1.90824570288
5648.4 1.904377255
5657.6 1.83222883376
5666.8 1.8572430723
5676.0 1.859207079
5685.2 1.89128887096
5694.4 1.83211504504
5703.6 1.84920271575
5712.8 1.82557465421
5722.0 1.79489029356
5731.2 1.79474280585
5740.4 1.77827748791
5749.6 1.77749446319
5758.8 1.74758315445
5768.0 1.73580703416
5777.2 1.75860358326
5786.4 1.7480997971
5795.6 1.7011804667
5804.8 1.77374164814
5814.0 1.70468190827
5823.2 1.75966063757
5832.4 1.70690928881
5841.6 1.6760181388
5850.8 1.68432556341
5860.0 1.67049613426
5869.2 1.68438632352
5878.4 1.68270849361
5887.6 1.57648978561
5896.8 1.6320617102
5906.0 1.58167427087
5915.2 1.64342272664
5924.4 1.64909680144
5933.6 1.63406668631
5942.8 1.60087619933
5952.0 1.59843018949
5961.2 1.58774244253
5970.4 1.57360881837
5979.6 1.56910412665
5988.8 1.58568163926
5998.0 1.57156002406
6007.2 1.55198118675
6016.4 1.59034497995
6025.6 1.51546340741
6034.8 1.52796973528
6044.0 1.51865848455
6053.2 1.53323427836
6062.4 1.50722583956
6071.6 1.52328391789
6080.8 1.53101862046
6090.0 1.46004956455
6099.2 1.52959205889
6108.4 1.48737355789
6117.6 1.47448363368
6126.8 1.4261019526
6136.0 1.47319786157
6145.2 1.46140659676
6154.4 1.49828065111
6163.6 1.45804931251
6172.8 1.41350508658
6182.0 1.41668488069
6191.2 1.39618220869
6200.4 1.41006260534
6209.6 1.41110354941
6218.8 1.42568974807
6228.0 1.41052676755
6237.2 1.40936681579
6246.4 1.35931723512
6255.6 1.37691692805
6264.8 1.37967407021
6274.0 1.32099395588
6283.2 1.3621192545
6292.4 1.34729192473
6301.6 1.35570948708
6310.8 1.31772124724
6320.0 1.32844202522
6329.2 1.34821540942
6338.4 1.34950702375
6347.6 1.32911600321
6356.8 1.31630073194
6366.0 1.34141334941
6375.2 1.31850676169
6384.4 1.28195785017
6393.6 1.33066097496
6402.8 1.29793011136
6412.0 1.27653150987
6421.2 1.30681983456
6430.4 1.30576700132
6439.6 1.26302378384
6448.8 1.31722214569
6458.0 1.26484082143
6467.2 1.24486413314
6476.4 1.29006973261
6485.6 1.26402079048
6494.8 1.2691177168
6504.0 1.20769963219
6513.2 1.23659114512
6522.4 1.27019773378
6531.6 1.23655772733
6540.8 1.22835189875
6550.0 1.21625955719
6559.2 1.22458312202
6568.4 1.24395706099
6577.6 1.22633238842
6586.8 1.22218234625
6596.0 1.19586082257
6605.2 1.18217245325
6614.4 1.21530865849
6623.6 1.19411812883
6632.8 1.20408937406
6642.0 1.24289536957
6651.2 1.43555079789
6660.4 1.30100400793
6669.6 1.26309152887
6678.8 1.26295524818
6688.0 1.17834559369
6697.2 1.15565345207
6706.4 1.1549879417
6715.6 1.16186045525
6724.8 1.15521446818
6734.0 1.21761778062
6743.2 1.13357993524
6752.4 1.1472299292
6761.6 1.1319345328
6770.8 1.13790882864
6780.0 1.09634791714
6789.2 1.1534535162
6798.4 1.11451889394
6807.6 1.11532829153
6816.8 1.1747129281
6826.0 1.15067605246
6835.2 1.12192370976
6844.4 1.10300983607
6853.6 1.06557999163
6862.8 0.887676221053
6872.0 1.07000448944
6881.2 1.13446852266
6890.4 1.05898608974
6899.6 1.08349864106
6908.8 1.10508391925
6918.0 1.07359985522
6927.2 1.09711891317
6936.4 1.08354287205
6945.6 1.03517965702
6954.8 1.04841269985
6964.0 1.06637704333
6973.2 1.01586012616
6982.4 1.00919653683
6991.6 1.04023557378
7000.8 1.0
7010.0 1.06023790849
7019.2 1.03197593032
7028.4 1.02113139358
7037.6 1.04092417745
7046.8 1.02191963041
7056.0 1.01930242156
7065.2 1.03610050014
7074.4 1.00519807389
7083.6 0.988826772423
7092.8 0.968947353225
7102.0 0.977268998394
7111.2 1.00668257705
7120.4 0.939953009148
7129.6 0.972539960778
7138.8 0.950077685773
7148.0 0.994440773437
7157.2 0.945455695922
7166.4 0.963627887088
7175.6 0.986178531755
7184.8 0.984719840157
7194.0 1.00544412956
7203.2 1.03144122174
7212.4 0.989930649463
7221.6 0.920194382303
7230.8 0.914918755169
7240.0 0.950902532143
7249.2 0.93548462908
7258.4 0.92995264466
7267.6 0.898027769857
7276.8 0.937331394901
7286.0 0.972848568639
7295.2 0.942830698774
7304.4 0.948011142096
7313.6 0.965347770274
7322.8 0.945324724116
7332.0 0.865825127376
7341.2 0.93229627984
7350.4 0.871330761751
7359.6 0.853525112134
7368.8 0.899164640841
7378.0 0.936823024255
7387.2 0.900493180377
7396.4 0.919832781161
7405.6 0.787824537676
7414.8 0.874504886858
7424.0 0.886337655939
7433.2 0.875459285008
7442.4 0.868227338723
7451.6 0.877260859346
7460.8 0.88257076452
7470.0 0.888849935187
7479.2 0.844082558183
7488.4 0.860534001957
7497.6 0.875385652338
7506.8 0.79463572413
7516.0 0.843719585533
7525.2 0.887855766457
7534.4 0.804505544743
7543.6 0.793089240621
7552.8 0.898262959192
7562.0 0.830450124306
7571.2 0.849867785753
7580.4 0.838886574917
7589.6 0.554070196154
7598.8 0.518564292969
7608.0 1.20456220186
7617.2 0.865778994468
7626.4 0.783561746995
7635.6 0.962803786382
7644.8 0.884780613796
7654.0 0.846425479582
7663.2 0.826648442367
7672.4 0.85627054105
7681.6 0.749355371607
7690.8 0.812113238293
7700.0 0.826286304446
7709.2 0.81185667405
7718.4 0.787018388752
7727.6 0.776956687802
7736.8 0.826010901903
7746.0 0.904646063282
7755.2 0.770345542875
7764.4 0.712985905122
7773.6 0.741585003871
7782.8 0.765287536934
7792.0 0.766160689325
7801.2 0.708140216487
7810.4 0.737364787982
7819.6 0.775261426044
7828.8 0.787059583707
7838.0 0.827385781914
7847.2 0.748302088373
7856.4 0.812570128836
7865.6 0.756751533984
7874.8 0.776158154648
7884.0 0.813279614257
7893.2 0.766114876949
7902.4 0.696729356745
7911.6 0.735364382208
7920.8 0.843010499978
7930.0 0.833612270785
7939.2 0.732692607412
7948.4 0.773813270929
7957.6 0.804176916402
7966.8 0.771461650077
7976.0 0.77902140245
7985.2 0.828402027024
7994.4 0.853973760906
