4020.0 6.29665356683
4029.2 6.31768810465
4038.4 6.20123759297
4047.6 6.18375749492
4056.8 6.13266181626
4066.0 6.1839664487
4075.2 6.21795351647
4084.4 6.18597512988
4093.6 5.9737322647
4102.8 6.07971894563
4112.0 6.07463052892
4121.2 5.9985176815
4130.4 5.93992136759
4139.6 5.76475618238
4148.8 5.77259550532
4158.0 5.79187724811
4167.2 5.53627845156
4176.4 5.72835672784
4185.6 5.58186616613
4194.8 5.59039372206
4204.0 5.60805369949
4213.2 5.56449075536
4222.4 5.50546314143
4231.6 5.46440980563
4240.8 5.43881235719
4250.0 5.3207597
4259.2 5.31655079735
4268.4 5.29950169809
4277.6 5.29458356718
4286.8 5.22755240659
4296.0 5.16197171413
4305.2 5.13516752982
4314.4 5.20768627063
4323.6 5.18345005748
4332.8 4.83346221292
4342.0 5.19815957721
4351.2 5.16872485814
4360.4 5.0629632045
4369.6 4.99812504814
4378.8 4.87532683502
4388.0 5.02435763407
4397.2 4.93073212922
4406.4 4.9043370355
4415.6 4.85926057866
4424.8 4.91407590305
4434.0 4.78205805767
4443.2 4.69153765136
4452.4 4.74757875026
4461.6 4.59620904243
4470.8 4.61218835957
4480.0 4.57505528689
4489.2 4.55362600261
4498.4 4.59987823973
4507.6 4.47914697309
4516.8 4.54306369948
4526.0 4.48519481496
4535.2 4.48140589451
4544.4 4.43615840265
4553.6 4.37095307799
4562.8 4.35054695187
4572.0 4.31355224134
4581.2 4.32720887789
4590.4 4.30413784054
4599.6 4.19568668363
4608.8 4.19240903035
4618.0 4.17284550833
4627.2 4.15569995679
4636.4 4.07419224155
4645.6 4.13242621459
4654.8 4.12343200241
4664.0 4.01289273483
4673.2 3.99894800079
4682.4 4.0131898786
4691.6 3.9679048635
4700.8 3.92527618533
4710.0 3.91269776353
4719.2 3.90033423782
4728.4 3.86130929104
4737.6 3.81355771606
4746.8 3.74204664332
4756.0 3.74389806704
4765.2 3.71407571115
4774.4 3.69149762081
4783.6 3.68390763054
4792.8 3.69567103474
4802.0 3.67287753119
4811.2 3.64853599937
4820.4 3.56337804833
4829.6 3.60227532021
4838.8 3.54190410464
4848.0 3.51691297802
4857.2 3.55977332351
4866.4 3.55142409779
4875.6 3.45931410388
4884.8 3.48867453475
4894.0 3.44887277629
4903.2 3.41433632999
4912.4 3.36883190424
4921.6 3.48255143854
4930.8 3.35918182378
4940.0 3.28111730738
4949.2 3.28559951942
4958.4 3.22721844557
4967.6 3.24009133745
4976.8 3.24130845574
4986.0 3.18353175244
4995.2 3.19580443328
5004.4 3.22841711214
5013.6 3.18115093123
5022.8 3.17110639997
5032.0 3.09395523015
5041.2 3.10573717382
5050.4 3.10916758575
5059.6 3.02567575789
5068.8 3.04976995863
5078.0 3.01544922751
5087.2 3.02267189751
5096.4 3.00359150806
5105.6 2.97606847153
5114.8 2.92058433396
5124.0 2.98089403819
5133.2 2.91769945392
5142.4 2.92595546216
5151.6 2.89589582694
5160.8 2.90311126372
5170.0 2.90234427449
5179.2 2.88822581843
5188.4 2.85135234144
5197.6 2.84782723032
5206.8 2.84774864871
5216.0 2.82327184779
5225.2 2.770336862
5234.4 2.78879076261
5243.6 2.71251640271
5252.8 2.71956621452
5262.0 2.72807146491
5271.2 2.75137232978
5280.4 2.68225352251
5289.6 2.66319924323
5298.8 2.6556750267
5308.0 2.62598991489
5317.2 2.59854118065
5326.4 2.61067262659
5335.6 2.59074356433
5344.8 2.56342298227
5354.0 2.55872969519
5363.2 2.54670855468
5372.4 2.54728735765
5381.6 2.54626138268
5390.8 2.51611925941
5400.0 2.49505725464
5409.2 2.49428226898
5418.4 2.45732569143
5427.6 2.44887867728
5436.8 2.45524878068
5446.0 2.42222138253
5455.2 2.44232614603
5464.4 2.40463064744
5473.6 2.40646483315
5482.8 2.38097156599
5492.0 2.35462037781
5501.2 2.35286333558
5510.4 2.35434721838
5519.6 2.33028012942
5528.8 2.28148260193
5538.0 2.28150298019
5547.2 2.30002443287
5556.4 2.26859703768
5565.6 2.26391980201
5574.8 2.26519862155
5584.0 2.24577405096
5593.2 2.23423461515
5602.4 2.22865721578
5611.6 2.21842379891
5620.8 2.17158890755
5630.0 2.15820867276
5639.2 2.13366776156
5648.4 2.13993766704
5657.6 2.10835294155
5666.8 2.10459224302
5676.0 2.0832244124
5685.2 2.07982660133
5694.4 2.03754268209
5703.6 2.04329410902
5712.8 2.03457539155
5722.0 2.01309083393
5731.2 2.00971881701
5740.4 2.00089811904
5749.6 1.98600382787
5758.8 1.93582163294
5768.0 1.95444325452
5777.2 1.92730565876
5786.4 1.92670583562
5795.6 1.91745431414
5804.8 1.91215614128
5814.0 1.89418531599
5823.2 1.8943864754
5832.4 1.8513837698
5841.6 1.85628003172
5850.8 1.83312967506
5860.0 1.81636394026
5869.2 1.79826748015
5878.4 1.84355022384
5887.6 1.75962594365
5896.8 1.79760076635
5906.0 1.78872167444
5915.2 1.77939662511
5924.4 1.74867701784
5933.6 1.74729751952
5942.8 1.73641555624
5952.0 1.72129343658
5961.2 1.69339356111
5970.4 1.68315850448
5979.6 1.68238971271
5988.8 1.66118182611
5998.0 1.6543498614
6007.2 1.66825540208
6016.4 1.64997515925
6025.6 1.63061188827
6034.8 1.62511502408
6044.0 1.61355187935
6053.2 1.60595979625
6062.4 1.60020865779
6071.6 1.59233259694
6080.8 1.56111434666
6090.0 1.55757425567
6099.2 1.56128369441
6108.4 1.55671801627
6117.6 1.53286567855
6126.8 1.5321243264
6136.0 1.53034916779
6145.2 1.50435511066
6154.4 1.5030914787
6163.6 1.50630595552
6172.8 1.47548446575
6182.0 1.47205369184
6191.2 1.45552363627
6200.4 1.46130467279
6209.6 1.45948356945
6218.8 1.44793824822
6228.0 1.43802157755
6237.2 1.42105665929
6246.4 1.40588795958
6255.6 1.41290798711
6264.8 1.38666949725
6274.0 1.37677757521
6283.2 1.36529295286
6292.4 1.36222507119
6301.6 1.35988468175
6310.8 1.35381462899
6320.0 1.35182447696
6329.2 1.34293799596
6338.4 1.3342683622
6347.6 1.33734993715
6356.8 1.31028209588
6366.0 1.31227615581
6375.2 1.29686304832
6384.4 1.30628669259
6393.6 1.29852356667
6402.8 1.29939265687
6412.0 1.29219893739
6421.2 1.26919966362
6430.4 1.26912536553
6439.6 1.26709249097
6448.8 1.2735954264
6458.0 1.25270599378
6467.2 1.25288798705
6476.4 1.26426989124
6485.6 1.25315942428
6494.8 1.24437140666
6504.0 1.23477816646
6513.2 1.22795786122
6522.4 1.22671838432
6531.6 1.20167403714
6540.8 1.21633900419
6550.0 1.19823776883
6559.2 1.19228907921
6568.4 1.2196596578
6577.6 1.2046005069
6586.8 1.18590834574
6596.0 1.1686248552
6605.2 1.15418421634
6614.4 1.15954107189
6623.6 1.15467180264
6632.8 1.15950156658
6642.0 1.16710773961
6651.2 1.17759080748
6660.4 1.16378187854
6669.6 1.1403708456
6678.8 1.17576316087
6688.0 1.13460205405
6697.2 1.1188723525
6706.4 1.11777717487
6715.6 1.13044079798
6724.8 1.1182209116
6734.0 1.12044865049
6743.2 1.119992911
6752.4 1.08560329028
6761.6 1.09427824294
6770.8 1.09284828761
6780.0 1.07769090071
6789.2 1.0911916921
6798.4 1.08575856665
6807.6 1.07440683757
6816.8 1.07948907948
6826.0 1.07649312842
6835.2 1.06570102253
6844.4 1.06631951563
6853.6 1.05427827661
6862.8 1.0023364522
6872.0 1.01762915227
6881.2 1.10955955196
6890.4 1.02888919278
6899.6 1.06032849071
6908.8 1.05248298784
6918.0 1.04109839959
6927.2 1.03602915917
6936.4 1.02193742623
6945.6 1.02284573287
6954.8 1.01920239033
6964.0 1.02092197968
6973.2 0.987529549219
6982.4 0.979176032662
6991.6 0.984956781106
7000.8 1.0
7010.0 0.980599885687
7019.2 0.97465188573
7028.4 1.00318065207
7037.6 0.985065362789
7046.8 0.957537885311
7056.0 0.967350158481
7065.2 0.977221769278
7074.4 0.949379247596
7083.6 0.945522565356
7092.8 0.930865300166
7102.0 0.955996059773
7111.2 0.943459589022
7120.4 0.933317541993
7129.6 0.920615037292
7138.8 0.934659520642
7148.0 0.93130369052
7157.2 0.905266483364
7166.4 0.904542667116
7175.6 0.906442804411
7184.8 0.91568110861
7194.0 0.916265483722
7203.2 0.929733978908
7212.4 0.950458572438
7221.6 0.884080997752
7230.8 0.884391933448
7240.0 0.885517087299
7249.2 0.89234426585
7258.4 0.885441397607
7267.6 0.860412533173
7276.8 0.902036987792
7286.0 0.882866934616
7295.2 0.865729221019
7304.4 0.879700725271
7313.6 0.89581230215
7322.8 0.88918489253
7332.0 0.850642046843
7341.2 0.863999251466
7350.4 0.845141770042
7359.6 0.845340758648
7368.8 0.829498846041
7378.0 0.830714521749
7387.2 0.863512534606
7396.4 0.839008262837
7405.6 0.806975481719
7414.8 0.841579916059
7424.0 0.833340870804
7433.2 0.81734294968
7442.4 0.803083997939
7451.6 0.808349924698
7460.8 0.807220357212
7470.0 0.790839914242
7479.2 0.792848205864
7488.4 0.81291839635
7497.6 0.796257751822
7506.8 0.788513734868
7516.0 0.801382191649
7525.2 0.824200620603
7534.4 0.76914220101
7543.6 0.774665847098
7552.8 0.809599723736
7562.0 0.774267739088
7571.2 0.797566399169
7580.4 0.789492699235
7589.6 0.696540588828
7598.8 0.58719137697
7608.0 0.883353579024
7617.2 0.842853041049
7626.4 0.707795987962
7635.6 0.810178254333
7644.8 0.816783398166
7654.0 0.788717872221
7663.2 0.780303803347
7672.4 0.768889778251
7681.6 0.730293825516
7690.8 0.735703688644
7700.0 0.741526764026
7709.2 0.732054194551
7718.4 0.719271478083
7727.6 0.736533940977
7736.8 0.752694101805
7746.0 0.753682133432
7755.2 0.716920449106
7764.4 0.681267310524
7773.6 0.698320874058
7782.8 0.666728473048
7792.0 0.682474424276
7801.2 0.696950649284
7810.4 0.712236979639
7819.6 0.698470404366
7828.8 0.699601320821
7838.0 0.68719502619
7847.2 0.684561209768
7856.4 0.678349053138
7865.6 0.672596817238
7874.8 0.682064115002
7884.0 0.681499408496
7893.2 0.654394828405
7902.4 0.661725293459
7911.6 0.652436805542
7920.8 0.689199416218
7930.0 0.660626294835
7939.2 0.657038755706
7948.4 0.65652789653
7957.6 0.676330813986
7966.8 0.658542500396
7976.0 0.647469679179
7985.2 0.649960458769
7994.4 0.65397961342
