4020.0 4.36427727224
4029.19999977 4.02282755604
4038.39999955 4.3761340815
4047.59999932 4.15186644666
4056.7999991 4.03532208871
4065.99999887 4.76227204263
4075.19999864 4.77587417443
4084.39999842 4.66433630985
4093.59999819 4.65381973363
4102.79999797 4.49952617391
4111.99999774 4.5255949394
4121.19999751 4.3989441803
4130.39999729 4.36906516754
4139.59999706 4.31266277001
4148.79999684 4.25068971751
4157.99999661 3.78990225623
4167.19999638 3.98498206189
4176.39999616 4.07852730428
4185.59999593 4.00357021226
4194.7999957 3.89210367278
4203.99999548 3.91828962009
4213.19999525 3.81570344596
4222.39999503 4.02825578117
4231.5999948 4.06010117617
4240.79999457 4.02853732429
4249.99999435 3.8373824223
4259.19999412 3.75638901486
4268.3999939 3.9282416614
4277.59999367 3.89547442678
4286.79999344 3.84322693935
4295.99999322 3.82578360714
4305.19999299 3.76065948437
4314.39999277 3.70813484159
4323.59999254 3.69662038723
4332.79999231 3.39162885811
4341.99999209 3.85018361119
4351.19999186 3.60386725864
4360.39999164 3.45276946513
4369.59999141 3.72851546116
4378.79999118 3.4594043074
4387.99999096 3.58869005425
4397.19999073 3.64184016039
4406.39999051 3.55645461787
4415.59999028 3.38046642664
4424.79999005 3.45954708097
4433.99998983 3.38822457198
4443.1999896 3.45853843374
4452.39998938 3.34864224156
4461.59998915 3.26966895054
4470.79998892 3.25469172756
4479.9999887 3.2729774492
4489.19998847 3.19767479231
4498.39998825 3.46824931123
4507.59998802 3.31929521983
4516.79998779 3.2059720986
4525.99998757 3.36584509699
4535.19998734 3.27932471903
4544.39998711 3.34104390844
4553.59998689 3.3249144013
4562.79998666 3.26183081712
4571.99998644 3.24608799638
4581.19998621 3.18001849821
4590.39998598 3.10438843667
4599.59998576 3.27472833384
4608.79998553 3.18035788415
4617.99998531 2.96993436539
4627.19998508 3.17051445899
4636.39998485 3.10160383057
4645.59998463 3.10075491626
4654.7999844 3.14473644907
4663.99998418 3.01219975295
4673.19998395 3.05630011624
4682.39998372 3.09230277416
4691.5999835 3.09970651148
4700.79998327 2.98954678679
4709.99998305 3.06512879124
4719.19998282 3.13300114504
4728.39998259 2.99352250122
4737.59998237 2.97776753116
4746.79998214 3.06525392873
4755.99998192 2.96298621839
4765.19998169 3.08363618401
4774.39998146 3.10179438586
4783.59998124 3.23337283275
4792.79998101 3.06163732893
4801.99998079 3.00750393332
4811.19998056 2.9491170857
4820.39998033 2.95469149165
4829.59998011 2.9169089049
4838.79997988 2.92140682503
4847.99997965 2.79967811013
4857.19997943 2.83160815412
4866.3999792 2.89335972397
4875.59997898 2.80768405501
4884.79997875 2.79356896594
4893.99997852 2.85910007283
4903.1999783 2.71001286501
4912.39997807 2.7127757678
4921.59997785 2.74118307163
4930.79997762 2.72807966818
4939.99997739 2.54947373979
4949.19997717 2.57146521478
4958.39997694 2.58379982519
4967.59997672 2.48857064845
4976.79997649 2.49507341319
4985.99997626 2.46332428878
4995.19997604 2.52656585497
5004.39997581 2.54637392909
5013.59997559 2.50958899671
5022.79997536 2.52121755551
5031.99997513 2.52487680968
5041.19997491 2.43533292862
5050.39997468 2.42245660283
5059.59997446 2.40127136631
5068.79997423 2.42220850503
5077.999974 2.48771360963
5087.19997378 2.44192129393
5096.39997355 2.40469291244
5105.59997333 2.36542626363
5114.7999731 2.36706270986
5123.99997287 2.35097635741
5133.19997265 2.32070882669
5142.39997242 2.33687288704
5151.5999722 2.31850618721
5160.79997197 2.295706338
5169.99997174 2.26467337154
5179.19997152 2.28171445915
5188.39997129 2.22931385784
5197.59997106 2.22564563803
5206.79997084 2.21128583766
5215.99997061 2.2350352141
5225.19997039 2.18271908253
5234.39997016 2.13375035123
5243.59996993 2.13715081868
5252.79996971 2.12001556444
5261.99996948 2.18038784961
5271.19996926 2.11566482539
5280.39996903 2.12769851723
5289.5999688 2.06830827743
5298.79996858 2.08471754034
5307.99996835 2.06783688573
5317.19996813 2.03696934882
5326.3999679 2.00116968476
5335.59996767 2.01888073873
5344.79996745 1.98214557095
5353.99996722 1.98178347885
5363.199967 1.98456539149
5372.39996677 1.99924386658
5381.59996654 2.00695813798
5390.79996632 1.98172984205
5399.99996609 1.9055311383
5409.19996587 1.97099414213
5418.39996564 1.96759943788
5427.59996541 1.91404122737
5436.79996519 1.94830140839
5445.99996496 1.87065313193
5455.19996474 1.92446389849
5464.39996451 1.92650491075
5473.59996428 1.85899754053
5482.79996406 1.90778938925
5491.99996383 1.90850370909
5501.1999636 1.87973980788
5510.39996338 1.85102062544
5519.59996315 1.85761577833
5528.79996293 1.79477943612
5537.9999627 1.88064155162
5547.19996247 1.83722676814
5556.39996225 1.87685977348
5565.59996202 1.78188764827
5574.7999618 1.8404779062
5583.99996157 1.84968016138
5593.19996134 1.7819774182
5602.39996112 1.80604226162
5611.59996089 1.77027855844
5620.79996067 1.76686598633
5629.99996044 1.76351311615
5639.19996021 1.76998858709
5648.39995999 1.75571902786
5657.59995976 1.70743073269
5666.79995954 1.71516711391
5675.99995931 1.61460508893
5685.19995908 1.75434749185
5694.39995886 1.68014732335
5703.59995863 1.66933073577
5712.79995841 1.62132977956
5721.99995818 1.64928409682
5731.19995795 1.66521875303
5740.39995773 1.58655663205
5749.5999575 1.67463081445
5758.79995728 1.58832058825
5767.99995705 1.60139249643
5777.19995682 1.63127151266
5786.3999566 1.56223791409
5795.59995637 1.60162441838
5804.79995615 1.60273317358
5813.99995592 1.61378755515
5823.19995569 1.61610573932
5832.39995547 1.57745557572
5841.59995524 1.58857126635
5850.79995501 1.5699712281
5859.99995479 1.55024539269
5869.19995456 1.54301457769
5878.39995434 1.57686957247
5887.59995411 1.51457007428
5896.79995388 1.5126274834
5905.99995366 1.52186238607
5915.19995343 1.54023038742
5924.39995321 1.49142314947
5933.59995298 1.49426437006
5942.79995275 1.46655699404
5951.99995253 1.51801096996
5961.1999523 1.50744412522
5970.39995208 1.48087031529
5979.59995185 1.48081787898
5988.79995162 1.51865606352
5997.9999514 1.47798674618
6007.19995117 1.44538060637
6016.39995095 1.49682338222
6025.59995072 1.48637011336
6034.79995049 1.46414184806
6043.99995027 1.4568940466
6053.19995004 1.48087446321
6062.39994982 1.44314950324
6071.59994959 1.42211237069
6080.79994936 1.41453872406
6089.99994914 1.41829810272
6099.19994891 1.3878533097
6108.39994869 1.4198627581
6117.59994846 1.38977506691
6126.79994823 1.41455427112
6135.99994801 1.37948959946
6145.19994778 1.33914543383
6154.39994755 1.37167282138
6163.59994733 1.36722871386
6172.7999471 1.36887338167
6181.99994688 1.37264641068
6191.19994665 1.3534702561
6200.39994642 1.33159605688
6209.5999462 1.33979551097
6218.79994597 1.30421155384
6227.99994575 1.29678519773
6237.19994552 1.30875188697
6246.39994529 1.28763136447
6255.59994507 1.29217939068
6264.79994484 1.26175669955
6273.99994462 1.25796517309
6283.19994439 1.28354368234
6292.39994416 1.27807090947
6301.59994394 1.2846886136
6310.79994371 1.27195225619
6319.99994349 1.25242828896
6329.19994326 1.26118003146
6338.39994303 1.24858833203
6347.59994281 1.2132505985
6356.79994258 1.21825841712
6365.99994236 1.24429394748
6375.19994213 1.21647947754
6384.3999419 1.24454956488
6393.59994168 1.22920914191
6402.79994145 1.18450605584
6411.99994123 1.21067234415
6421.199941 1.21968084325
6430.39994077 1.21277215237
6439.59994055 1.19661996496
6448.79994032 1.21756798776
6457.9999401 1.17706488401
6467.19993987 1.21152289168
6476.39993964 1.23488680539
6485.59993942 1.21476524656
6494.79993919 1.19129151776
6503.99993896 1.15356635254
6513.19993874 1.18216516267
6522.39993851 1.18500121353
6531.59993829 1.14899847451
6540.79993806 1.13763965126
6549.99993783 1.15830308046
6559.19993761 1.16537599032
6568.39993738 1.17052032709
6577.59993716 1.18104633282
6586.79993693 1.15348116941
6595.9999367 1.13964304437
6605.19993648 1.13917505726
6614.39993625 1.14923035866
6623.59993603 1.12264907487
6632.7999358 1.15816219215
6641.99993557 1.17186536472
6651.19993535 1.33978743627
6660.39993512 1.34611581999
6669.5999349 1.19562689515
6678.79993467 1.19254882536
6687.99993444 1.16030697387
6697.19993422 1.12041573726
6706.39993399 1.13718338663
6715.59993377 1.14935028821
6724.79993354 1.11913464962
6733.99993331 1.11008536749
6743.19993309 1.12881738328
6752.39993286 1.10356287915
6761.59993264 1.15466574349
6770.79993241 1.12403759493
6779.99993218 1.09872693809
6789.19993196 1.10814823178
6798.39993173 1.10158112093
6807.59993151 1.12052579711
6816.79993128 1.1415700143
6825.99993105 1.1182636105
6835.19993083 1.22981438634
6844.3999306 1.09130373426
6853.59993037 1.08204133637
6862.79993015 0.998469499174
6871.99992992 1.05031306631
6881.1999297 1.14917166152
6890.39992947 1.00005641544
6899.59992924 1.07056838155
6908.79992902 1.07178864285
6917.99992879 1.00989356987
6927.19992857 1.03987015007
6936.39992834 0.991559872895
6945.59992811 0.999075901549
6954.79992789 1.01066858869
6963.99992766 1.01856301285
6973.19992744 1.00200365954
6982.39992721 0.989121294612
6991.59992698 0.974150490786
7000.79992676 1.0
7009.99992653 0.983766686081
7019.19992631 0.994732645363
7028.39992608 0.997410176606
7037.59992585 0.938489452825
7046.79992563 0.966603408175
7055.9999254 0.982828469422
7065.19992518 0.949915310466
7074.39992495 0.954033500905
7083.59992472 0.962137117621
7092.7999245 0.940115682075
7101.99992427 0.941902232606
7111.19992405 0.957851114588
7120.39992382 0.965938477603
7129.59992359 0.95596974495
7138.79992337 0.965075167703
7147.99992314 0.913164832569
7157.19992291 0.940132809975
7166.39992269 0.916323459508
7175.59992246 0.960003399556
7184.79992224 0.931969479879
7193.99992201 0.95584728609
7203.19992178 0.957229029264
7212.39992156 1.00960672928
7221.59992133 0.926847839359
7230.79992111 0.938385379598
7239.99992088 0.890413352035
7249.19992065 0.95868934857
7258.39992043 0.923363058339
7267.5999202 0.891741775972
7276.79991998 0.910094091122
7285.99991975 0.919788051131
7295.19991952 0.912748793324
7304.3999193 0.876658450461
7313.59991907 0.925965088821
7322.79991885 0.979179353487
7331.99991862 0.886589166114
7341.19991839 0.876100658315
7350.39991817 0.902836018601
7359.59991794 0.890937679231
7368.79991772 0.859425420369
7377.99991749 0.892844605989
7387.19991726 0.952806647914
7396.39991704 0.94059277159
7405.59991681 0.819300247703
7414.79991659 0.889533205661
7423.99991636 0.882840369215
7433.19991613 0.890945447544
7442.39991591 0.849957855633
7451.59991568 0.863898297475
7460.79991546 0.865749663049
7469.99991523 0.821273675554
7479.199915 0.84137501923
7488.39991478 0.830884163084
7497.59991455 0.884369308285
7506.79991432 0.848794319994
7515.9999141 0.856505047062
7525.19991387 0.895963573339
7534.39991365 0.828087581267
7543.59991342 0.820826786606
7552.79991319 0.862964799373
7561.99991297 0.816364727995
7571.19991274 0.848672969729
7580.39991252 0.856157541376
7589.59991229 0.679337187115
7598.79991206 0.577701251643
7607.99991184 1.07012746094
7617.19991161 0.930091696163
7626.39991139 0.792490488143
7635.59991116 0.917770321903
7644.79991093 0.87488807902
7653.99991071 0.862359533538
7663.19991048 0.834572256296
7672.39991026 0.855330061075
7681.59991003 0.757220025765
7690.7999098 0.812580907565
7699.99990958 0.851688355871
7709.19990935 0.849413583671
7718.39990913 0.769911404234
7727.5999089 0.828372359124
7736.79990867 0.825965904437
7745.99990845 0.887249628092
7755.19990822 0.816356341076
7764.399908 0.745848219676
7773.59990777 0.762227845442
7782.79990754 0.800594967966
7791.99990732 0.734862744438
7801.19990709 0.766502779588
7810.39990686 0.735270836123
7819.59990664 0.743784935329
7828.79990641 0.779472381351
7837.99990619 0.797604620178
7847.19990596 0.736093209051
7856.39990573 0.724650457302
7865.59990551 0.746559309148
7874.79990528 0.738099946136
7883.99990506 0.774595283512
7893.19990483 0.766453240212
7902.3999046 0.753273425114
7911.59990438 0.68784478293
7920.79990415 0.814917416218
7929.99990393 0.764534909772
7939.1999037 0.699995879049
7948.39990347 0.780362868972
7957.59990325 0.801617999005
7966.79990302 0.750638979172
7975.9999028 0.720045202738
7985.19990257 0.794406057789
7994.39990234 0.912755137611
