4020.0 3.40641680275
4029.2 4.10958093045
4038.4 4.01798511947
4047.6 3.678471611
4056.8 3.86607175405
4066.0 4.17014141345
4075.2 4.00693896361
4084.4 4.29867286258
4093.6 4.26656201445
4102.8 4.0982963511
4112.0 3.99366023006
4121.2 3.86265497795
4130.4 3.73254203868
4139.6 3.83222656188
4148.8 3.81975682594
4158.0 3.63503064237
4167.2 3.58623096125
4176.4 3.6474181687
4185.6 3.77602775191
4194.8 3.67000322317
4204.0 3.47924236049
4213.2 3.65716059737
4222.4 3.78264586723
4231.6 3.71711293085
4240.8 3.7092734595
4250.0 3.38331472209
4259.2 3.28448814009
4268.4 3.54637754216
4277.6 3.33543965017
4286.8 3.21429214589
4296.0 3.35451223319
4305.2 3.21369212739
4314.4 3.32155045747
4323.6 3.40256239963
4332.8 3.01756193688
4342.0 3.49992104079
4351.2 3.23677442339
4360.4 3.34420821299
4369.6 3.30580456752
4378.8 3.16566883288
4388.0 3.15159612018
4397.2 3.0811402006
4406.4 3.20188349854
4415.6 3.1963594895
4424.8 3.109180198
4434.0 3.03120373337
4443.2 3.0714383267
4452.4 3.10607410279
4461.6 3.11018056811
4470.8 2.95817459165
4480.0 3.08386628989
4489.2 3.0127572406
4498.4 2.94080760779
4507.6 2.96731657012
4516.8 2.98585816367
4526.0 2.9947480583
4535.2 3.04081111126
4544.4 3.0460834168
4553.6 2.94082831821
4562.8 2.9248882414
4572.0 2.91439282589
4581.2 2.77151652914
4590.4 2.78096050108
4599.6 2.81740554925
4608.8 2.83960469506
4618.0 2.89446359858
4627.2 2.80229833199
4636.4 2.84139928265
4645.6 2.73844504414
4654.8 2.86375093511
4664.0 2.70997136244
4673.2 2.74963904778
4682.4 2.80715357189
4691.6 2.75119028317
4700.8 2.72021590698
4710.0 2.79023232289
4719.2 2.74727558238
4728.4 2.81802416417
4737.6 2.69606412665
4746.8 2.75305182166
4756.0 2.70368088011
4765.2 2.68124702097
4774.4 2.68162207892
4783.6 2.56927844391
4792.8 2.62141735253
4802.0 2.6085975205
4811.2 2.62021675077
4820.4 2.6024989318
4829.6 2.47205315647
4838.8 2.69290070955
4848.0 2.56689727424
4857.2 2.60187662589
4866.4 2.60543546324
4875.6 2.50007212529
4884.8 2.54718888974
4894.0 2.56662723131
4903.2 2.47834335687
4912.4 2.49160619429
4921.6 2.53887490868
4930.8 2.49336099428
4940.0 2.39502700633
4949.2 2.428086643
4958.4 2.41748641919
4967.6 2.3757364316
4976.8 2.35558406179
4986.0 2.35414308496
4995.2 2.35080135704
5004.4 2.4269603869
5013.6 2.40443165838
5022.8 2.35881542935
5032.0 2.31807205142
5041.2 2.38128336002
5050.4 2.31371616988
5059.6 2.32972215005
5068.8 2.39525128422
5078.0 2.30010156634
5087.2 2.28852576627
5096.4 2.20698983921
5105.6 2.21587876884
5114.8 2.29704816009
5124.0 2.29054032475
5133.2 2.26109978889
5142.4 2.23431661379
5151.6 2.20704507652
5160.8 2.26348374978
5170.0 2.13084475756
5179.2 2.26594356561
5188.4 2.26385942474
5197.6 2.15279433551
5206.8 2.22147133334
5216.0 2.13868825467
5225.2 2.1123508651
5234.4 2.16528298697
5243.6 2.08998459949
5252.8 2.14482967614
5262.0 2.08734052938
5271.2 2.1270477329
5280.4 2.01834633526
5289.6 2.08016259127
5298.8 2.02014034894
5308.0 2.07599040473
5317.2 2.05976610989
5326.4 2.06849512859
5335.6 2.03652721246
5344.8 2.05598676169
5354.0 2.04554543384
5363.2 2.03037517862
5372.4 2.00882862881
5381.6 2.02269302669
5390.8 2.02194746107
5400.0 1.975604656
5409.2 1.99564572105
5418.4 1.9614189113
5427.6 1.97385277456
5436.8 1.94525876591
5446.0 1.94917034132
5455.2 1.91314072926
5464.4 1.94062607497
5473.6 1.92129881185
5482.8 1.92257625067
5492.0 1.9270653122
5501.2 1.89507534352
5510.4 1.8621379379
5519.6 1.87317690052
5528.8 1.89809627141
5538.0 1.83634907192
5547.2 1.83168973342
5556.4 1.85325076877
5565.6 1.81801387943
5574.8 1.82557907585
5584.0 1.82454284547
5593.2 1.80331370109
5602.4 1.793555989
5611.6 1.8153312263
5620.8 1.81429836523
5630.0 1.81854959724
5639.2 1.73946068058
5648.4 1.7161032606
5657.6 1.78217745879
5666.8 1.72096567326
5676.0 1.7551090196
5685.2 1.74267483345
5694.4 1.7301466588
5703.6 1.72643231036
5712.8 1.7196343678
5722.0 1.67136332087
5731.2 1.64479066286
5740.4 1.6726726479
5749.6 1.64457198359
5758.8 1.64222077827
5768.0 1.62424635082
5777.2 1.62123430799
5786.4 1.61251703849
5795.6 1.642232403
5804.8 1.62103073217
5814.0 1.61268180766
5823.2 1.6265601749
5832.4 1.57634861624
5841.6 1.58404734468
5850.8 1.55983193717
5860.0 1.55939876785
5869.2 1.56746953445
5878.4 1.60725100404
5887.6 1.48094597352
5896.8 1.51757413411
5906.0 1.51185278872
5915.2 1.52030073252
5924.4 1.52535739573
5933.6 1.51122593469
5942.8 1.49824825603
5952.0 1.50160872374
5961.2 1.49106705225
5970.4 1.46878579625
5979.6 1.44920681357
5988.8 1.49722848737
5998.0 1.47161896525
6007.2 1.45580356813
6016.4 1.46447565633
6025.6 1.46685393598
6034.8 1.42053424831
6044.0 1.45013534173
6053.2 1.43132751684
6062.4 1.45574594133
6071.6 1.45062049534
6080.8 1.40350752691
6090.0 1.43686234784
6099.2 1.40648090476
6108.4 1.42615222964
6117.6 1.43546191405
6126.8 1.43229085014
6136.0 1.3685429846
6145.2 1.37399763799
6154.4 1.37926411003
6163.6 1.37297482508
6172.8 1.32893009173
6182.0 1.34784585831
6191.2 1.36729860489
6200.4 1.34674555351
6209.6 1.34967696903
6218.8 1.34571232752
6228.0 1.32578068592
6237.2 1.31195908729
6246.4 1.2960534853
6255.6 1.30276289795
6264.8 1.29230834077
6274.0 1.26151632829
6283.2 1.28608354433
6292.4 1.29144251815
6301.6 1.29577394118
6310.8 1.25070261012
6320.0 1.26010862561
6329.2 1.24246424211
6338.4 1.27500833675
6347.6 1.23246097508
6356.8 1.26072301573
6366.0 1.2725908431
6375.2 1.25113362077
6384.4 1.21077681015
6393.6 1.26470571982
6402.8 1.23075586782
6412.0 1.23303507864
6421.2 1.2240284927
6430.4 1.20745520605
6439.6 1.22386391909
6448.8 1.19639958239
6458.0 1.22153716335
6467.2 1.17184383769
6476.4 1.21879504509
6485.6 1.20571654604
6494.8 1.1754714946
6504.0 1.18313642558
6513.2 1.1464632406
6522.4 1.19499809712
6531.6 1.17660221483
6540.8 1.16435777379
6550.0 1.17919738598
6559.2 1.15033975106
6568.4 1.17792233251
6577.6 1.16797619298
6586.8 1.16180878301
6596.0 1.1359901254
6605.2 1.11451097267
6614.4 1.15918885889
6623.6 1.12139220557
6632.8 1.14571007294
6642.0 1.1741119209
6651.2 1.32799051466
6660.4 1.22324954801
6669.6 1.17564975399
6678.8 1.17101566101
6688.0 1.12098535708
6697.2 1.10734348326
6706.4 1.08479942337
6715.6 1.12698090074
6724.8 1.08673482707
6734.0 1.13042458791
6743.2 1.09738276127
6752.4 1.11294220267
6761.6 1.09128501901
6770.8 1.09694100039
6780.0 1.06189769712
6789.2 1.10742201609
6798.4 1.07624389429
6807.6 1.0726337967
6816.8 1.10620983691
6826.0 1.08352998184
6835.2 1.0472017619
6844.4 1.05345118276
6853.6 1.0193978825
6862.8 0.938244133096
6872.0 1.0184841904
6881.2 1.09281573414
6890.4 0.985570481389
6899.6 1.07875531136
6908.8 1.02330301292
6918.0 1.03386576077
6927.2 1.00294850281
6936.4 0.973478877033
6945.6 0.972650156948
6954.8 0.966806004406
6964.0 0.991139547154
6973.2 0.937347260134
6982.4 0.990346674849
6991.6 0.974999436857
7000.8 1.0
7010.0 0.947411696246
7019.2 0.985408724343
7028.4 0.998699071204
7037.6 0.974508155031
7046.8 0.954824611364
7056.0 0.982427391675
7065.2 0.963430517499
7074.4 0.971742459072
7083.6 0.943695231633
7092.8 0.922294883174
7102.0 0.922196567281
7111.2 0.940676186433
7120.4 0.922715533949
7129.6 0.926353284555
7138.8 0.916985226802
7148.0 0.950441995319
7157.2 0.899029239154
7166.4 0.907498490689
7175.6 0.92372211052
7184.8 0.940429286389
7194.0 0.889845083704
7203.2 0.981339864702
7212.4 0.983287273218
7221.6 0.893423231762
7230.8 0.900905561486
7240.0 0.876885834536
7249.2 0.882142038965
7258.4 0.889789453954
7267.6 0.851469281506
7276.8 0.867842889933
7286.0 0.88996183983
7295.2 0.87844688472
7304.4 0.882390983609
7313.6 0.924074652745
7322.8 0.894137342052
7332.0 0.876974688002
7341.2 0.930836058901
7350.4 0.853022141449
7359.6 0.843596482553
7368.8 0.860224627409
7378.0 0.865496194074
7387.2 0.904661564465
7396.4 0.842466237138
7405.6 0.811116816515
7414.8 0.867661434602
7424.0 0.891935901834
7433.2 0.815746500636
7442.4 0.781187680936
7451.6 0.809601067046
7460.8 0.846734607477
7470.0 0.798391944981
7479.2 0.792753053203
7488.4 0.834025693622
7497.6 0.860553901096
7506.8 0.77008680823
7516.0 0.8711442307
7525.2 0.864712054451
7534.4 0.797565310178
7543.6 0.793198866499
7552.8 0.885047380236
7562.0 0.787653038322
7571.2 0.810819703821
7580.4 0.804759844702
7589.6 0.565358059647
7598.8 0.513883580979
7608.0 1.22305599474
7617.2 0.823161269146
7626.4 0.728575133252
7635.6 0.938625235357
7644.8 0.89622915
7654.0 0.778280359142
7663.2 0.817195072644
7672.4 0.822339488331
7681.6 0.716822200323
7690.8 0.778219797905
7700.0 0.822982969996
7709.2 0.794565351969
7718.4 0.767080349988
7727.6 0.7566989549
7736.8 0.863989851782
7746.0 0.845837713256
7755.2 0.76275926211
7764.4 0.677042923874
7773.6 0.705890568716
7782.8 0.67751405209
7792.0 0.718493729127
7801.2 0.762258410353
7810.4 0.788826044701
7819.6 0.797097749156
7828.8 0.775405963981
7838.0 0.789189415808
7847.2 0.669100320039
7856.4 0.704830676429
7865.6 0.757519101327
7874.8 0.692075090099
7884.0 0.75586445252
7893.2 0.702011043017
7902.4 0.70592638444
7911.6 0.708962326915
7920.8 0.760606849575
7930.0 0.760961463589
7939.2 0.670902577262
7948.4 0.779169248632
7957.6 0.744427771323
7966.8 0.774216302526
7976.0 0.731628425565
7985.2 0.786349175881
7994.4 0.82897481383
