4.800000000000000000e+03 8.254455696924299284e-17
4.803515889167784735e+03 7.729998178249389031e-17
4.807031778335570380e+03 8.459997087857569144e-17
4.810547667503356024e+03 7.947385206418099529e-17
4.814063556671141669e+03 8.282827118939174031e-17
4.817579445838927313e+03 8.772201637047140382e-17
4.821095335006712958e+03 7.909241094086290577e-17
4.824611224174498602e+03 7.318187975478740180e-17
4.828127113342284247e+03 7.838144890303116555e-17
4.831643002510069891e+03 7.752966977465226557e-17
4.835158891677855536e+03 6.439991283079041767e-17
4.838674780845641180e+03 8.663299578248276041e-17
4.842190670013426825e+03 8.305428565133531380e-17
4.845706559181212469e+03 8.146463129237918631e-17
4.849222448348998114e+03 8.412412892763107183e-17
4.852738337516783758e+03 8.668402432417433342e-17
4.856254226684569403e+03 8.991739201429061560e-17
4.859770115852355048e+03 8.659041318673869988e-17
4.863286005020140692e+03 9.124142887652634343e-17
4.866801894187926337e+03 9.016226019357852289e-17
4.870317783355711981e+03 9.063947331465684265e-17
4.873833672523497626e+03 8.489848399546789879e-17
4.877349561691283270e+03 6.525742103006052129e-17
4.880865450859068915e+03 6.863605009850260917e-17
4.884381340026854559e+03 6.632308744614998521e-17
4.887897229194640204e+03 7.386729856889313933e-17
4.891413118362425848e+03 6.788328220213879943e-17
4.894929007530211493e+03 7.261479592900472966e-17
4.898444896697997137e+03 7.785338851895971639e-17
4.901960785865782782e+03 7.621420432700544832e-17
4.905476675033568426e+03 7.412158159998535937e-17
4.908992564201354071e+03 6.461653852102345608e-17
4.912508453369139716e+03 5.787675843885146186e-17
4.916024342536925360e+03 6.677757025363722423e-17
4.919540231704711005e+03 7.499881660087084966e-17
4.923056120872496649e+03 7.034546852410602058e-17
4.926572010040282294e+03 7.995303494178379659e-17
4.930087899208067938e+03 9.472035299520467176e-17
4.933603788375853583e+03 8.324120937858982434e-17
4.937119677543639227e+03 8.295145754148433951e-17
4.940635566711424872e+03 8.801757458771274770e-17
4.944151455879210516e+03 8.865949201306473493e-17
4.947667345046996161e+03 7.847473070730392393e-17
4.951183234214781805e+03 6.842387919443536157e-17
4.954699123382567450e+03 6.569694298824594127e-17
4.958215012550353094e+03 6.500135417604852667e-17
4.961730901718138739e+03 6.242699958636177883e-17
4.965246790885924383e+03 6.067829435757473398e-17
4.968762680053710028e+03 7.930383864710841694e-17
4.972278569221495673e+03 9.616539855563645201e-17
4.975794458389281317e+03 8.476624215725767961e-17
4.979310347557066962e+03 7.547891423854574366e-17
4.982826236724852606e+03 6.773647904331702052e-17
4.986342125892638251e+03 6.798896859811046288e-17
4.989858015060423895e+03 7.019616675008367763e-17
4.993373904228209540e+03 6.385124777191978891e-17
4.996889793395995184e+03 5.876914786192575664e-17
5.000405682563780829e+03 5.735005758725298304e-17
5.003921571731566473e+03 7.358031080747421180e-17
5.007437460899352118e+03 7.866968361777812352e-17
5.010953350067137762e+03 7.220513694300694120e-17
5.014469239234923407e+03 8.065375727563293614e-17
5.017985128402709051e+03 8.402792952654145911e-17
5.021501017570494696e+03 7.601856382753096352e-17
5.025016906738280341e+03 6.330838334210588070e-17
5.028532795906065985e+03 6.541646772842971870e-17
5.032048685073851630e+03 7.551019571376257492e-17
5.035564574241637274e+03 7.913936404067425869e-17
5.039080463409422919e+03 6.953565610399842242e-17
5.042596352577208563e+03 7.251004847939723841e-17
5.046112241744994208e+03 7.276415927681432987e-17
5.049628130912779852e+03 7.192273398344933974e-17
5.053144020080565497e+03 7.327603138412378692e-17
5.056659909248351141e+03 7.176374380128039418e-17
5.060175798416136786e+03 6.948172468642739031e-17
5.063691687583922430e+03 6.867475065290934141e-17
5.067207576751708075e+03 6.570004577626769435e-17
5.070723465919493719e+03 6.451043658068950036e-17
5.074239355087279364e+03 6.753246935673669557e-17
5.077755244255065008e+03 7.809957638130295608e-17
5.081271133422850653e+03 7.701412037834819510e-17
5.084787022590636298e+03 7.515612167144665165e-17
5.088302911758421942e+03 8.477357206154158597e-17
5.091818800926207587e+03 8.524999411885784359e-17
5.095334690093993231e+03 7.441325149077520505e-17
5.098850579261778876e+03 7.296489198604255147e-17
5.102366468429564520e+03 7.478173252952398265e-17
5.105882357597350165e+03 6.918510285280558115e-17
5.109398246765135809e+03 7.237022232607795277e-17
5.112914135932921454e+03 8.242933777074682365e-17
5.116430025100707098e+03 7.786978793319249891e-17
5.119945914268492743e+03 6.808936650775558364e-17
5.123461803436278387e+03 7.007722963490941940e-17
5.126977692604064032e+03 7.828208295806606888e-17
5.130493581771849676e+03 7.653020484856938124e-17
5.134009470939635321e+03 7.346453020962707744e-17
5.137525360107420966e+03 7.258345513186846121e-17
5.141041249275206610e+03 6.773947910886256323e-17
5.144557138442992255e+03 6.597812806278875865e-17
5.148073027610777899e+03 7.140760728800434059e-17
5.151588916778563544e+03 6.798356302124679178e-17
5.155104805946349188e+03 6.285586808381408171e-17
5.158620695114134833e+03 6.049882138560184897e-17
5.162136584281920477e+03 6.890235357027409422e-17
5.165652473449706122e+03 7.054403372227656513e-17
5.169168362617491766e+03 6.215500661476756443e-17
5.172684251785277411e+03 7.126792762402723918e-17
5.176200140953063055e+03 6.603590146124314054e-17
5.179716030120848700e+03 5.726934396304016957e-17
5.183231919288634344e+03 6.537156469690762683e-17
5.186747808456419989e+03 6.747347145864481604e-17
5.190263697624205633e+03 6.854678476315595083e-17
5.193779586791991278e+03 6.940033119704998528e-17
5.197295475959776923e+03 6.556595147680443768e-17
5.200811365127562567e+03 6.380993770251715495e-17
5.204327254295348212e+03 5.730567462079483706e-17
5.207843143463133856e+03 5.442658448326608349e-17
5.211359032630919501e+03 5.900041199254456140e-17
5.214874921798705145e+03 5.933280135310330258e-17
5.218390810966490790e+03 6.215922296823201440e-17
5.221906700134276434e+03 7.076683099165634177e-17
5.225422589302062079e+03 6.992205064214508890e-17
5.228938478469847723e+03 5.830128138446030274e-17
5.232454367637633368e+03 5.777037394183231730e-17
5.235970256805419012e+03 6.195495616348424001e-17
5.239486145973204657e+03 5.934480793251756044e-17
5.243002035140990301e+03 5.578545262928806115e-17
5.246517924308775946e+03 5.455444157950160587e-17
5.250033813476561591e+03 6.208726932401617877e-17
5.253549702644347235e+03 6.441655082526351980e-17
5.257065591812132880e+03 5.171700609118081135e-17
5.260581480979918524e+03 5.038382208667835685e-17
5.264097370147704169e+03 5.928062470425653696e-17
5.267613259315489813e+03 6.404508366371009055e-17
5.271129148483275458e+03 6.266730492607374451e-17
5.274645037651061102e+03 5.634499297610281993e-17
5.278160926818846747e+03 5.694970102133972835e-17
5.281676815986632391e+03 5.782774833490371488e-17
5.285192705154418036e+03 5.729709700118167348e-17
5.288708594322203680e+03 5.553165191292314248e-17
5.292224483489989325e+03 5.647700096444787586e-17
5.295740372657774969e+03 6.240209860673153707e-17
5.299256261825560614e+03 6.291624336302007306e-17
5.302772150993346258e+03 6.616353882016449673e-17
5.306288040161131903e+03 6.400129968739572722e-17
5.309803929328917548e+03 5.509828225024920645e-17
5.313319818496703192e+03 6.064237648199063228e-17
5.316835707664488837e+03 6.492254780665772090e-17
5.320351596832274481e+03 6.093683432548471777e-17
5.323867486000060126e+03 5.822491870772579637e-17
5.327383375167845770e+03 5.626169034375949342e-17
5.330899264335631415e+03 5.865769904407411560e-17
5.334415153503417059e+03 6.260779847307324885e-17
5.337931042671202704e+03 6.580697896215856183e-17
5.341446931838988348e+03 5.629473902553859609e-17
5.344962821006773993e+03 4.099779566290207018e-17
5.348478710174559637e+03 4.468371055468206996e-17
5.351994599342345282e+03 5.646386205777520561e-17
5.355510488510130926e+03 5.371147378716758953e-17
5.359026377677916571e+03 5.289316196263675716e-17
5.362542266845702216e+03 5.481788331827915712e-17
5.366058156013487860e+03 5.507061429773944446e-17
5.369574045181273505e+03 6.174055166091200542e-17
5.373089934349059149e+03 6.480900628882762867e-17
5.376605823516844794e+03 6.462164676372744902e-17
5.380121712684630438e+03 6.404881219702063145e-17
5.383637601852416083e+03 6.022870673334671798e-17
5.387153491020201727e+03 5.006562581561867703e-17
5.390669380187987372e+03 5.078521268581740115e-17
5.394185269355773016e+03 5.506329946992783480e-17
5.397701158523558661e+03 5.349223315436987054e-17
5.401217047691344305e+03 5.688293199252568243e-17
5.404732936859129950e+03 5.993735265761624753e-17
5.408248826026915594e+03 5.424542186912561648e-17
5.411764715194701239e+03 4.628391902418098325e-17
5.415280604362486883e+03 5.260578603451559360e-17
5.418796493530272528e+03 6.457958267658764262e-17
5.422312382698058173e+03 6.418216637176752812e-17
5.425828271865843817e+03 5.751481961268275956e-17
5.429344161033629462e+03 5.692122105426675786e-17
5.432860050201415106e+03 5.976164534788117173e-17
5.436375939369200751e+03 5.791244262359624155e-17
5.439891828536986395e+03 5.125408853595055396e-17
5.443407717704772040e+03 5.343378101325631902e-17
5.446923606872557684e+03 6.529948207756036603e-17
5.450439496040343329e+03 6.702648361366203857e-17
5.453955385208128973e+03 5.859424510994189902e-17
5.457471274375914618e+03 5.701003776849900917e-17
5.460987163543700262e+03 5.909541596092370935e-17
5.464503052711485907e+03 5.396682324609846025e-17
5.468018941879271551e+03 5.235586719755899976e-17
5.471534831047057196e+03 5.614970482542961925e-17
5.475050720214842841e+03 5.267037297099524762e-17
5.478566609382628485e+03 5.121358047629190507e-17
5.482082498550414130e+03 5.296390792497554205e-17
5.485598387718199774e+03 5.368769639452134434e-17
5.489114276885984509e+03 5.272036743653816007e-17
5.492630166053770154e+03 5.786006088565017575e-17
5.496146055221555798e+03 6.374497857449821184e-17
5.499661944389341443e+03 5.594494931166302268e-17
5.503177833557127087e+03 4.634228251270570843e-17
5.506693722724912732e+03 5.709585061470834910e-17
5.510209611892698376e+03 5.920394768745777845e-17
5.513725501060484021e+03 5.491890453281743633e-17
5.517241390228269665e+03 5.141631759853053548e-17
5.520757279396055310e+03 5.137592106144007261e-17
5.524273168563840954e+03 5.536056698097552250e-17
5.527789057731626599e+03 5.525855216328564849e-17
5.531304946899412244e+03 5.426195340494553983e-17
5.534820836067197888e+03 5.125734986274926138e-17
5.538336725234983533e+03 5.098534438332496381e-17
5.541852614402769177e+03 5.134115575128554474e-17
5.545368503570554822e+03 5.640173171721869597e-17
5.548884392738340466e+03 5.801415564922718421e-17
5.552400281906126111e+03 5.463258228715511273e-17
5.555916171073911755e+03 5.266248736046455508e-17
5.559432060241697400e+03 5.168672444559021316e-17
5.562947949409483044e+03 4.889625238966884148e-17
5.566463838577268689e+03 4.774858052734075397e-17
5.569979727745054333e+03 4.811595501321864095e-17
5.573495616912839978e+03 5.803364072102710225e-17
5.577011506080625622e+03 5.844776282423171915e-17
5.580527395248411267e+03 4.754365987214179909e-17
5.584043284416196911e+03 4.988717957277970990e-17
5.587559173583982556e+03 5.449796055190768775e-17
5.591075062751768201e+03 5.233231090945582955e-17
5.594590951919553845e+03 4.549834797137118281e-17
5.598106841087339490e+03 4.831923998464256981e-17
5.601622730255125134e+03 5.330994884303086634e-17
5.605138619422910779e+03 5.697791037387786261e-17
5.608654508590696423e+03 5.210516323315441975e-17
5.612170397758482068e+03 4.028240841561026460e-17
5.615686286926267712e+03 4.475347646979724138e-17
5.619202176094053357e+03 5.041756427885337631e-17
5.622718065261839001e+03 5.850778635538594226e-17
5.626233954429624646e+03 5.777904880634025882e-17
5.629749843597410290e+03 4.685673908856093246e-17
5.633265732765195935e+03 4.845895065895685087e-17
5.636781621932981579e+03 5.402523752346471757e-17
5.640297511100767224e+03 5.227623561377939244e-17
5.643813400268552869e+03 5.084177943259605125e-17
5.647329289436338513e+03 4.929823794650993206e-17
5.650845178604124158e+03 4.843746129025540462e-17
5.654361067771909802e+03 4.839898368919914908e-17
5.657876956939695447e+03 4.934082159466740362e-17
5.661392846107481091e+03 5.479861635572888309e-17
5.664908735275266736e+03 5.300948528909576431e-17
5.668424624443052380e+03 4.862422203151533418e-17
5.671940513610838025e+03 5.209175953569769947e-17
5.675456402778623669e+03 5.391862401873998518e-17
5.678972291946409314e+03 4.697090798270705590e-17
5.682488181114194958e+03 4.369577339122475673e-17
5.686004070281980603e+03 4.618579873726953822e-17
5.689519959449766247e+03 4.832278366618362101e-17
5.693035848617551892e+03 4.997917495847695779e-17
5.696551737785337536e+03 5.001330906375497926e-17
5.700067626953123181e+03 4.996982904250902729e-17
5.703583516120908826e+03 5.029377139763385029e-17
5.707099405288694470e+03 4.732594659348416943e-17
5.710615294456480115e+03 4.577345658062928935e-17
5.714131183624265759e+03 4.404431084033889606e-17
5.717647072792051404e+03 5.223395429789781062e-17
5.721162961959837048e+03 5.849724246043510530e-17
5.724678851127622693e+03 5.152706984224677614e-17
5.728194740295408337e+03 4.477026960376135391e-17
5.731710629463193982e+03 4.944986606420955090e-17
5.735226518630979626e+03 4.726705725400987538e-17
5.738742407798765271e+03 4.149559508354718676e-17
5.742258296966550915e+03 4.460690391874883733e-17
5.745774186134336560e+03 5.326502629214050849e-17
5.749290075302122204e+03 5.729616505555692400e-17
5.752805964469907849e+03 5.590494678520481656e-17
5.756321853637693494e+03 5.085913160521927524e-17
5.759837742805479138e+03 4.960048775184659844e-17
5.763353631973264783e+03 4.617421425170279016e-17
5.766869521141050427e+03 4.880346428928678464e-17
5.770385410308836072e+03 5.053076939455998655e-17
5.773901299476621716e+03 5.127539355152795982e-17
5.777417188644407361e+03 5.364978094785220597e-17
5.780933077812193005e+03 5.044513729330998641e-17
5.784448966979978650e+03 4.900580546005578275e-17
5.787964856147764294e+03 4.692708233407571857e-17
5.791480745315549939e+03 4.722656122997580934e-17
5.794996634483335583e+03 4.591319599292448665e-17
5.798512523651121228e+03 4.862813850361788694e-17
5.802028412818906872e+03 5.539309860066203796e-17
5.805544301986692517e+03 5.477818394050584728e-17
5.809060191154478161e+03 5.103993547830674059e-17
5.812576080322263806e+03 4.868614004409843455e-17
5.816091969490049451e+03 5.138217164814105684e-17
5.819607858657835095e+03 4.803753451372395768e-17
5.823123747825620740e+03 4.481141858462726579e-17
5.826639636993406384e+03 4.755269154500341605e-17
5.830155526161192029e+03 4.422860334204397698e-17
5.833671415328977673e+03 5.139472182313395665e-17
5.837187304496763318e+03 4.803276676795864611e-17
5.840703193664548962e+03 4.472698981254810568e-17
5.844219082832334607e+03 4.769584389118326811e-17
5.847734972000120251e+03 5.366010086429315315e-17
5.851250861167905896e+03 5.535240335871504467e-17
5.854766750335691540e+03 4.602069461041435952e-17
5.858282639503477185e+03 4.170491402689064118e-17
5.861798528671262829e+03 3.882367068897599696e-17
5.865314417839048474e+03 4.761823758731931019e-17
5.868830307006834119e+03 4.191220649683074688e-17
5.872346196174619763e+03 4.417659673818779171e-17
5.875862085342405408e+03 4.703706744533508888e-17
5.879377974510191052e+03 4.499732810351118059e-17
5.882893863677976697e+03 3.864278306728299393e-17
5.886409752845762341e+03 4.177155411034398503e-17
5.889925642013547986e+03 5.071313402755617845e-17
5.893441531181333630e+03 5.109771204340483644e-17
5.896957420349119275e+03 4.492418298238483531e-17
5.900473309516904919e+03 4.868016428616934197e-17
5.903989198684690564e+03 5.356375223620152140e-17
5.907505087852476208e+03 5.391505530675974205e-17
5.911020977020261853e+03 4.503653517815397617e-17
5.914536866188047497e+03 4.607334610336793759e-17
5.918052755355833142e+03 5.022009069672700058e-17
5.921568644523618786e+03 5.077778014971469573e-17
5.925084533691404431e+03 4.930888431576803160e-17
5.928600422859190076e+03 4.682216152334826122e-17
5.932116312026975720e+03 4.885242840975907306e-17
5.935632201194761365e+03 4.879416382653813456e-17
5.939148090362547009e+03 4.615589122932943565e-17
5.942663979530332654e+03 4.963477964173127724e-17
5.946179868698118298e+03 4.680137488290707967e-17
5.949695757865903943e+03 4.235861338671697712e-17
5.953211647033689587e+03 4.507261002650506368e-17
5.956727536201475232e+03 4.973478832941253782e-17
5.960243425369260876e+03 5.385133942951615727e-17
5.963759314537046521e+03 5.881295282362736278e-17
5.967275203704832165e+03 5.076002726353991045e-17
5.970791092872617810e+03 5.054272960192859601e-17
5.974306982040403454e+03 5.541179409083153958e-17
5.977822871208189099e+03 5.253329888352116487e-17
5.981338760375974744e+03 5.225953006319611772e-17
5.984854649543760388e+03 5.003577819762148495e-17
5.988370538711546033e+03 4.340084106806498141e-17
5.991886427879331677e+03 5.095316841317991487e-17
5.995402317047117322e+03 5.222914772343287634e-17
5.998918206214902966e+03 5.446916824662181284e-17
6.002434095382688611e+03 5.476958417182620054e-17
6.005949984550474255e+03 4.512667301064793790e-17
6.009465873718259900e+03 5.002846158281674513e-17
6.012981762886045544e+03 4.312302455695962040e-17
6.016497652053831189e+03 4.340928476847708217e-17
6.020013541221616833e+03 4.779994315812359081e-17
6.023529430389402478e+03 4.947686041984361597e-17
6.027045319557188122e+03 4.751170622584140755e-17
6.030561208724973767e+03 4.521674897094068449e-17
6.034077097892759411e+03 5.064212096410674571e-17
6.037592987060545056e+03 5.212291044414204782e-17
6.041108876228330701e+03 4.403244582990397107e-17
6.044624765396116345e+03 4.409975599207388309e-17
6.048140654563901990e+03 4.778084219124804391e-17
6.051656543731687634e+03 4.526843736888268128e-17
6.055172432899473279e+03 4.523814696647529723e-17
6.058688322067258923e+03 4.842488436871494336e-17
6.062204211235044568e+03 4.626862338940641631e-17
6.065720100402830212e+03 4.682543334693856838e-17
6.069235989570615857e+03 4.526343254740292850e-17
6.072751878738401501e+03 4.275873376708625003e-17
6.076267767906187146e+03 4.267342538139787097e-17
6.079783657073972790e+03 4.571498996022832875e-17
6.083299546241758435e+03 4.511094523366725966e-17
6.086815435409544079e+03 4.506478471642598291e-17
6.090331324577329724e+03 4.402518185010858106e-17
6.093847213745115369e+03 4.448805924244721001e-17
6.097363102912901013e+03 4.395882667472436203e-17
6.100878992080686658e+03 4.392970461228287427e-17
6.104394881248472302e+03 4.249718345896601664e-17
6.107910770416257947e+03 4.560404823187450794e-17
6.111426659584043591e+03 4.512756676844854514e-17
6.114942548751829236e+03 4.161109986905456748e-17
6.118458437919614880e+03 4.284797094136926817e-17
6.121974327087400525e+03 4.445095384720276981e-17
6.125490216255186169e+03 4.163579538921289201e-17
6.129006105422971814e+03 4.320396217049003853e-17
6.132521994590757458e+03 4.122977253962167710e-17
6.136037883758543103e+03 4.511306468601703793e-17
6.139553772926328747e+03 4.625069705557237871e-17
6.143069662094114392e+03 4.441196715394768150e-17
6.146585551261900036e+03 3.968919327693408759e-17
6.150101440429685681e+03 4.423869551828857228e-17
6.153617329597471326e+03 4.877828004958238776e-17
6.157133218765256970e+03 4.406297349880615481e-17
6.160649107933042615e+03 4.079316301940711291e-17
6.164164997100828259e+03 4.203101942880085951e-17
6.167680886268613904e+03 4.372173083874270780e-17
6.171196775436399548e+03 3.876031059857011492e-17
6.174712664604185193e+03 3.660864214876251953e-17
6.178228553771970837e+03 3.780850529880424313e-17
6.181744442939756482e+03 3.725780876167031020e-17
6.185260332107542126e+03 3.842268508606528646e-17
6.188776221275327771e+03 4.078103511949150264e-17
6.192292110443113415e+03 4.106136894867219886e-17
6.195807999610899060e+03 4.116183145012570683e-17
6.199323888778684704e+03 4.008952296832180998e-17
6.202839777946470349e+03 3.758354839522956720e-17
6.206355667114255994e+03 3.601298984461178395e-17
6.209871556282041638e+03 3.957115616922725884e-17
6.213387445449827283e+03 4.073716543558690619e-17
6.216903334617612927e+03 3.947647523056761451e-17
6.220419223785398572e+03 4.016975962275602978e-17
6.223935112953184216e+03 3.798084128933847733e-17
6.227451002120969861e+03 3.690404270878877595e-17
6.230966891288755505e+03 4.074410058928947342e-17
6.234482780456541150e+03 4.057915575085014416e-17
6.237998669624326794e+03 3.903559374756562464e-17
6.241514558792112439e+03 4.099215722826407430e-17
6.245030447959898083e+03 4.020302467011897486e-17
6.248546337127683728e+03 4.123301848186289246e-17
6.252062226295469372e+03 4.394000260465810073e-17
6.255578115463255017e+03 3.568687385995447988e-17
6.259094004631040661e+03 3.242882016610286711e-17
6.262609893798825397e+03 3.687368588588832916e-17
6.266125782966611041e+03 3.941527866660846686e-17
6.269641672134396686e+03 3.640353673408326970e-17
6.273157561302182330e+03 3.809915428440587972e-17
6.276673450469967975e+03 3.753628725576134701e-17
6.280189339637753619e+03 3.695419206300383165e-17
6.283705228805539264e+03 3.877833524232666493e-17
6.287221117973324908e+03 2.936607228325214783e-17
6.290737007141110553e+03 3.805578773878315747e-17
6.294252896308896197e+03 4.677610565549090767e-17
6.297768785476681842e+03 4.364794536539982724e-17
6.301284674644467486e+03 4.842692116099231717e-17
6.304800563812253131e+03 4.284146422242690988e-17
6.308316452980038775e+03 3.395245969066041380e-17
6.311832342147824420e+03 3.163337331089229143e-17
6.315348231315610064e+03 3.257690712580853789e-17
6.318864120483395709e+03 3.591197933369081365e-17
6.322380009651181354e+03 3.513807936666765988e-17
6.325895898818966998e+03 3.456922130440753188e-17
6.329411787986752643e+03 3.963874792758932630e-17
6.332927677154538287e+03 4.332538566177789574e-17
6.336443566322323932e+03 4.094895834018192912e-17
6.339959455490109576e+03 3.855316959410248183e-17
6.343475344657895221e+03 3.683397636188006024e-17
6.346991233825680865e+03 3.584402376498209259e-17
6.350507122993466510e+03 3.572138045019242519e-17
6.354023012161252154e+03 3.731797462856260214e-17
6.357538901329037799e+03 4.484046836674270881e-17
6.361054790496823443e+03 4.716978302686451384e-17
6.364570679664609088e+03 4.577157292281906933e-17
6.368086568832394732e+03 4.282102909752404811e-17
6.371602458000180377e+03 3.989645355968050515e-17
6.375118347167966022e+03 4.233551338263486740e-17
6.378634236335751666e+03 4.136243234720336947e-17
6.382150125503537311e+03 3.744013153406365874e-17
6.385666014671322955e+03 3.538402288347108349e-17
6.389181903839108600e+03 3.921617010608671573e-17
6.392697793006894244e+03 4.115669787234708930e-17
6.396213682174679889e+03 3.873274361219755717e-17
6.399729571342465533e+03 4.095776105821120018e-17
6.403245460510251178e+03 3.780526335758028045e-17
6.406761349678036822e+03 3.515000082298245060e-17
6.410277238845822467e+03 3.798711343391786676e-17
6.413793128013608111e+03 3.832802125821154028e-17
6.417309017181393756e+03 4.010617079811085327e-17
6.420824906349179400e+03 3.769296127068709347e-17
6.424340795516965045e+03 3.357426861644327685e-17
6.427856684684750689e+03 3.443273248902332143e-17
6.431372573852536334e+03 3.627181933487621190e-17
6.434888463020321979e+03 3.285747186100009004e-17
6.438404352188107623e+03 3.215839045594542089e-17
6.441920241355893268e+03 3.767959385304527212e-17
6.445436130523678912e+03 3.880519530404515354e-17
6.448952019691464557e+03 3.718266808948079328e-17
6.452467908859250201e+03 3.423149730788192956e-17
6.455983798027035846e+03 3.620884345219787704e-17
6.459499687194821490e+03 3.874057827096418692e-17
6.463015576362607135e+03 4.012900529399569459e-17
6.466531465530392779e+03 3.993723347030293239e-17
6.470047354698178424e+03 3.831473776191692383e-17
6.473563243865964068e+03 3.650019133550595639e-17
6.477079133033749713e+03 3.559960755736115008e-17
6.480595022201535357e+03 3.339926732902499333e-17
6.484110911369321002e+03 3.639026810330459253e-17
6.487626800537106647e+03 3.623913341366711938e-17
6.491142689704892291e+03 3.554462614024850578e-17
6.494658578872677936e+03 3.830302574441956215e-17
6.498174468040463580e+03 3.519832811820943263e-17
6.501690357208249225e+03 3.115606476900603046e-17
6.505206246376034869e+03 3.773293232644199814e-17
6.508722135543820514e+03 4.326663779311099449e-17
6.512238024711606158e+03 3.487721131207450539e-17
6.515753913879391803e+03 2.973074498224040490e-17
6.519269803047177447e+03 3.410680226913471360e-17
6.522785692214963092e+03 3.589166150916819475e-17
6.526301581382748736e+03 3.697184476918135175e-17
6.529817470550534381e+03 3.767083588090925216e-17
6.533333359718320025e+03 3.261211087696434595e-17
6.536849248886105670e+03 3.137388780494989988e-17
6.540365138053891314e+03 3.205113204144918654e-17
6.543881027221676959e+03 3.445908295970847867e-17
6.547396916389462604e+03 3.463268515119386249e-17
6.550912805557248248e+03 3.235493733046677463e-17
6.554428694725033893e+03 3.152555238687327603e-17
6.557944583892819537e+03 3.475802263847202266e-17
6.561460473060605182e+03 3.820195966961846011e-17
6.564976362228390826e+03 3.655732283632325202e-17
6.568492251396176471e+03 3.499085719059255892e-17
6.572008140563962115e+03 3.166568269276142801e-17
6.575524029731747760e+03 3.069420241898358511e-17
6.579039918899533404e+03 3.493364483620303390e-17
6.582555808067319049e+03 3.734969454041325297e-17
6.586071697235104693e+03 3.600694730796464984e-17
6.589587586402890338e+03 3.350360549860342406e-17
6.593103475570675982e+03 3.344481512300008884e-17
6.596619364738461627e+03 3.586332480025467277e-17
6.600135253906247272e+03 3.489918900864298878e-17
6.603651143074032916e+03 3.032177489369156964e-17
6.607167032241818561e+03 3.143071035260526464e-17
6.610682921409604205e+03 3.445031146169296579e-17
6.614198810577389850e+03 3.791063295244214291e-17
6.617714699745175494e+03 3.865448973287389473e-17
6.621230588912961139e+03 3.555456833866080978e-17
6.624746478080746783e+03 3.409368783842238663e-17
6.628262367248532428e+03 3.331763775124483201e-17
6.631778256416318072e+03 3.492326145374821535e-17
6.635294145584103717e+03 3.867934889132977527e-17
6.638810034751889361e+03 4.321706949672695105e-17
6.642325923919675006e+03 5.033995579326255556e-17
6.645841813087460650e+03 5.211760309500213748e-17
6.649357702255246295e+03 4.790969442709069000e-17
6.652873591423031939e+03 5.243196946734448173e-17
6.656389480590817584e+03 6.490811848192823665e-17
6.659905369758603229e+03 7.266592793385754719e-17
6.663421258926388873e+03 7.733611213341792765e-17
6.666937148094174518e+03 7.765658695306227265e-17
6.670453037261960162e+03 6.485888412809266169e-17
6.673968926429745807e+03 5.113867697727000621e-17
6.677484815597531451e+03 5.188254698428066888e-17
6.681000704765317096e+03 5.736119405146806739e-17
6.684516593933102740e+03 5.752808951670283185e-17
6.688032483100888385e+03 5.400066058990274064e-17
6.691548372268674029e+03 5.050256323444672390e-17
6.695064261436459674e+03 4.965319824689881815e-17
6.698580150604245318e+03 4.662770078457282408e-17
6.702096039772030963e+03 4.063340553838907877e-17
6.705611928939816607e+03 3.780201716020578206e-17
6.709127818107602252e+03 3.793089670130439612e-17
6.712643707275387897e+03 4.416026960799551028e-17
6.716159596443173541e+03 4.772929706163996474e-17
6.719675485610959186e+03 4.137211066071788690e-17
6.723191374778744830e+03 3.867978307101646987e-17
6.726707263946530475e+03 3.966210671700788983e-17
6.730223153114316119e+03 4.033562119220536203e-17
6.733739042282101764e+03 4.058697595527889055e-17
6.737254931449887408e+03 3.817079913750876877e-17
6.740770820617673053e+03 3.785087331970197517e-17
6.744286709785458697e+03 3.762635563228142405e-17
6.747802598953244342e+03 3.585647522169702385e-17
6.751318488121029986e+03 3.592154702830361557e-17
6.754834377288815631e+03 3.575565564960536073e-17
6.758350266456601275e+03 3.276627792572245593e-17
6.761866155624386920e+03 3.292669717053895701e-17
6.765382044792172564e+03 3.551733419184425460e-17
6.768897933959958209e+03 3.518014633082139807e-17
6.772413823127743854e+03 3.464368136620232087e-17
6.775929712295529498e+03 3.452366015926830367e-17
6.779445601463315143e+03 3.569594843585988599e-17
6.782961490631100787e+03 3.630512215220721527e-17
6.786477379798886432e+03 3.694013017704989274e-17
6.789993268966672076e+03 3.983644274313912462e-17
6.793509158134457721e+03 4.054494851154774582e-17
6.797025047302243365e+03 3.573156971145435100e-17
6.800540936470029010e+03 3.566224294918046829e-17
6.804056825637814654e+03 3.745902415141314691e-17
6.807572714805600299e+03 3.670469352731317270e-17
6.811088603973385943e+03 3.584259811428775674e-17
6.814604493141171588e+03 4.207344079955720156e-17
6.818120382308957232e+03 5.044509778426683476e-17
6.821636271476742877e+03 4.591609471986872827e-17
6.825152160644528522e+03 3.979664465905036721e-17
6.828668049812314166e+03 3.674334891185030350e-17
6.832183938980099811e+03 3.904300751527378577e-17
6.835699828147885455e+03 3.994697213876571146e-17
6.839215717315671100e+03 3.792480559689479568e-17
6.842731606483456744e+03 3.617110201145373558e-17
6.846247495651242389e+03 3.129435514361353071e-17
6.849763384819028033e+03 2.917365006946001351e-17
6.853279273986813678e+03 3.094784927068767900e-17
6.856795163154599322e+03 3.091326548607598960e-17
6.860311052322384967e+03 3.127257808990902523e-17
6.863826941490170611e+03 3.790018080654311314e-17
6.867342830657956256e+03 3.835573852731037115e-17
6.870858719825740991e+03 3.427170246665660784e-17
6.874374608993526635e+03 3.175844770008457185e-17
6.877890498161312280e+03 2.782500976286250697e-17
6.881406387329097925e+03 2.793073524098047306e-17
6.884922276496883569e+03 3.057363773482271684e-17
6.888438165664669214e+03 2.926033044961448598e-17
6.891954054832454858e+03 2.709515306605271673e-17
6.895469944000240503e+03 3.343112616048445473e-17
6.898985833168026147e+03 3.305944500216763212e-17
6.902501722335811792e+03 2.509998918155079806e-17
6.906017611503597436e+03 2.770123912598498119e-17
6.909533500671383081e+03 3.304399645639332545e-17
6.913049389839168725e+03 3.253351889979369420e-17
6.916565279006954370e+03 3.315953947539040999e-17
6.920081168174740014e+03 3.744388348019065142e-17
6.923597057342525659e+03 4.118530792689717346e-17
6.927112946510311303e+03 3.926490901116542475e-17
6.930628835678096948e+03 3.325314324822028199e-17
6.934144724845882592e+03 2.763797885936466333e-17
6.937660614013668237e+03 2.896091993193944226e-17
6.941176503181453882e+03 3.517160452108928133e-17
6.944692392349239526e+03 3.544809738728108179e-17
6.948208281517025171e+03 3.298724144967953985e-17
6.951724170684810815e+03 3.330742436294724141e-17
6.955240059852596460e+03 3.405150640721172602e-17
6.958755949020382104e+03 2.996876511109327571e-17
6.962271838188167749e+03 2.674238853224082893e-17
6.965787727355953393e+03 2.796990687553425572e-17
6.969303616523739038e+03 2.789285336549141416e-17
6.972819505691524682e+03 3.160117659662436228e-17
6.976335394859310327e+03 3.172380896525740487e-17
6.979851284027095971e+03 3.057589561233814923e-17
6.983367173194881616e+03 3.252140615107222236e-17
6.986883062362667260e+03 2.861195778740231930e-17
6.990398951530452905e+03 2.652593176133117288e-17
6.993914840698238550e+03 3.191994170957652847e-17
6.997430729866024194e+03 3.087972634861718632e-17
7.000946619033809839e+03 3.094664036292524970e-17
7.004462508201595483e+03 3.566306355073905990e-17
7.007978397369381128e+03 3.230234783302179598e-17
7.011494286537166772e+03 3.138783317401977243e-17
7.015010175704952417e+03 3.077685558227264041e-17
7.018526064872738061e+03 2.752119542958725499e-17
7.022041954040523706e+03 2.644500364607877692e-17
7.025557843208309350e+03 2.695435892982267389e-17
7.029073732376094995e+03 3.041384392277462884e-17
7.032589621543880639e+03 3.165030172214344070e-17
7.036105510711666284e+03 3.031832344575211246e-17
7.039621399879451928e+03 3.182558821437467128e-17
7.043137289047237573e+03 3.332319904868659736e-17
7.046653178215023217e+03 3.216176497096391393e-17
7.050169067382808862e+03 3.471079761694728480e-17
7.053684956550594507e+03 3.506928279191273517e-17
7.057200845718380151e+03 3.047122724549224643e-17
7.060716734886165796e+03 2.774221456092400508e-17
7.064232624053951440e+03 2.779277242211283934e-17
7.067748513221737085e+03 2.804665342665033326e-17
7.071264402389522729e+03 2.849193609907309606e-17
7.074780291557308374e+03 2.617851604085917815e-17
7.078296180725094018e+03 2.625477874255032183e-17
7.081812069892879663e+03 2.927877997730629822e-17
7.085327959060665307e+03 2.958960654369494929e-17
7.088843848228450952e+03 2.829848109649188445e-17
7.092359737396236596e+03 2.922582863872824957e-17
7.095875626564022241e+03 3.259586159221896181e-17
7.099391515731807885e+03 3.467813155880946920e-17
7.102907404899593530e+03 3.136727475749454594e-17
7.106423294067379175e+03 3.237673126108358067e-17
7.109939183235164819e+03 3.210629161665912365e-17
7.113455072402950464e+03 2.951382364906487088e-17
7.116970961570736108e+03 2.780496729812040174e-17
7.120486850738521753e+03 2.913677243851691368e-17
7.124002739906307397e+03 3.172784543676614564e-17
7.127518629074093042e+03 3.214630547701908836e-17
7.131034518241878686e+03 2.986361335288894503e-17
7.134550407409664331e+03 2.996546701615318011e-17
7.138066296577449975e+03 3.020214401803638996e-17
7.141582185745235620e+03 2.903522189770657545e-17
7.145098074913021264e+03 3.107451651164338763e-17
7.148613964080806909e+03 3.075781943894548187e-17
7.152129853248592553e+03 2.649437044325441507e-17
7.155645742416378198e+03 2.782587215762190976e-17
7.159161631584163842e+03 2.978489752391017045e-17
7.162677520751949487e+03 3.330332159941455479e-17
7.166193409919735132e+03 3.625893765215351606e-17
7.169709299087520776e+03 3.321259003821074308e-17
7.173225188255306421e+03 3.496895795147108115e-17
7.176741077423092065e+03 3.462040198777901626e-17
7.180256966590877710e+03 3.257549454162551303e-17
7.183772855758663354e+03 3.369759037294220855e-17
7.187288744926448999e+03 2.924893257591446570e-17
7.190804634094234643e+03 2.661570706951620456e-17
7.194320523262020288e+03 3.067475150909618338e-17
7.197836412429805932e+03 3.002788513119586072e-17
7.201352301597591577e+03 2.930178651605348621e-17
7.204868190765377221e+03 3.050358512860592685e-17
7.208384079933162866e+03 2.749381651619640799e-17
7.211899969100948510e+03 2.783438106797329267e-17
7.215415858268734155e+03 3.031883247699027048e-17
7.218931747436519800e+03 3.157273283725578199e-17
7.222447636604305444e+03 2.767698879191943723e-17
7.225963525772091089e+03 3.220246767731944932e-17
7.229479414939876733e+03 3.780369587917487190e-17
7.232995304107662378e+03 3.620472474020312051e-17
7.236511193275448022e+03 2.888144514970944852e-17
7.240027082443233667e+03 1.849312910559149922e-17
7.243542971611019311e+03 1.918855771137806027e-17
7.247058860778804956e+03 2.274932465867421956e-17
7.250574749946590600e+03 2.541220879695533938e-17
7.254090639114376245e+03 2.528825894919824641e-17
7.257606528282161889e+03 2.521240872788188861e-17
7.261122417449947534e+03 2.770721383287523437e-17
7.264638306617733178e+03 2.838828257151112105e-17
7.268154195785518823e+03 3.091031434434999746e-17
7.271670084953304467e+03 3.202180206270090105e-17
7.275185974121090112e+03 3.036936590748939341e-17
7.278701863288875757e+03 3.153072431080689676e-17
7.282217752456661401e+03 2.686840737192266933e-17
7.285733641624447046e+03 2.020355067228265455e-17
7.289249530792232690e+03 2.254314861219385028e-17
7.292765419960018335e+03 2.484372207917882707e-17
7.296281309127803979e+03 2.520061732791258631e-17
7.299797198295589624e+03 2.795196059346842360e-17
7.303313087463375268e+03 3.295525657871558512e-17
7.306828976631160913e+03 3.170613230119167051e-17
7.310344865798946557e+03 2.828168076927380945e-17
7.313860754966732202e+03 2.916653442300568932e-17
7.317376644134517846e+03 3.659249812334354035e-17
7.320892533302303491e+03 3.587056299201831034e-17
7.324408422470089135e+03 3.333444172913683195e-17
7.327924311637874780e+03 3.379457841259769315e-17
7.331440200805660425e+03 2.556666173526918998e-17
7.334956089973446069e+03 2.144710950911620725e-17
7.338471979141231714e+03 2.709652978520346597e-17
7.341987868309017358e+03 2.201588440851615745e-17
7.345503757476803003e+03 2.070537243266636100e-17
7.349019646644588647e+03 2.523503789546223139e-17
7.352535535812374292e+03 2.779627422855019369e-17
7.356051424980159936e+03 3.057218261347326380e-17
7.359567314147945581e+03 3.349579214356877530e-17
7.363083203315731225e+03 3.382418800856304386e-17
7.366599092483516870e+03 3.105805634793243892e-17
7.370114981651302514e+03 2.863287320558529982e-17
7.373630870819088159e+03 3.056993971238910540e-17
7.377146759986873803e+03 3.383552976221569954e-17
7.380662649154659448e+03 2.891075533817957087e-17
7.384178538322445092e+03 2.618153586600380299e-17
7.387694427490230737e+03 2.130765899659065666e-17
7.391210316658016382e+03 2.603119351561236765e-17
7.394726205825802026e+03 2.863470704917425034e-17
7.398242094993587671e+03 2.592032872880128304e-17
7.401757984161373315e+03 2.751886141655327532e-17
7.405273873329158960e+03 3.067016689050905020e-17
7.408789762496944604e+03 2.976836304851832664e-17
7.412305651664730249e+03 2.720402293551403893e-17
7.415821540832515893e+03 2.880751838736568002e-17
7.419337430000301538e+03 3.567650045923752957e-17
7.422853319168087182e+03 3.741940432061641818e-17
7.426369208335872827e+03 3.546234996188532552e-17
7.429885097503658471e+03 2.935993320071320940e-17
7.433400986671444116e+03 2.566531073195644830e-17
7.436916875839229760e+03 2.992677711449284720e-17
7.440432765007015405e+03 2.840655943225358229e-17
7.443948654174801050e+03 2.336639847581692728e-17
7.447464543342586694e+03 2.257847177889815665e-17
7.450980432510372339e+03 2.394455128234497420e-17
7.454496321678157983e+03 2.929489207150362864e-17
7.458012210845943628e+03 2.935381537059674806e-17
7.461528100013729272e+03 2.523825981544682347e-17
7.465043989181514917e+03 2.660615027659069946e-17
7.468559878349300561e+03 3.348361128513830585e-17
7.472075767517086206e+03 2.833683554064986888e-17
7.475591656684871850e+03 2.557813029283822301e-17
7.479107545852657495e+03 3.149038135706189124e-17
7.482623435020443139e+03 2.993428707623340519e-17
7.486139324188228784e+03 2.088610498742060599e-17
7.489655213356014428e+03 2.204310505587132175e-17
7.493171102523800073e+03 2.216310119865841021e-17
7.496686991691585717e+03 1.952715295610839728e-17
7.500202880859371362e+03 2.074466020669016813e-17
7.503718770027157007e+03 2.503689651555119309e-17
7.507234659194942651e+03 2.833662308462545750e-17
7.510750548362728296e+03 2.754140440978032539e-17
7.514266437530513940e+03 2.669212900501245569e-17
7.517782326698299585e+03 2.987212261193897930e-17
7.521298215866085229e+03 2.531405083277859115e-17
7.524814105033870874e+03 2.376321433452340572e-17
7.528329994201656518e+03 3.065005524216339166e-17
7.531845883369442163e+03 2.849827191443517285e-17
7.535361772537227807e+03 2.116889352719026430e-17
7.538877661705013452e+03 2.142841521097369959e-17
7.542393550872799096e+03 2.947955124763545820e-17
7.545909440040584741e+03 2.867608508669669546e-17
7.549425329208370385e+03 2.176673401524356781e-17
7.552941218376156030e+03 2.054853556128652832e-17
7.556457107543941675e+03 2.745115669813142779e-17
7.559972996711727319e+03 2.994165276638113684e-17
7.563488885879512964e+03 2.455357893142565995e-17
7.567004775047298608e+03 2.251489794281382564e-17
7.570520664215084253e+03 2.444978908474563056e-17
7.574036553382869897e+03 2.745109962800946646e-17
7.577552442550655542e+03 3.756353757907327075e-17
7.581068331718441186e+03 3.250225526791632296e-17
7.584584220886226831e+03 2.289589767609721542e-17
7.588100110054012475e+03 2.914990601241217416e-17
7.591615999221798120e+03 3.603537966397252153e-17
7.595131888389583764e+03 3.386146704876585927e-17
7.598647777557369409e+03 3.410250745405351799e-17
7.602163666725155053e+03 2.757799276660733321e-17
7.605679555892940698e+03 2.204263771792202647e-17
7.609195445060726342e+03 1.668024808431037178e-17
7.612711334228511987e+03 1.154967445752123963e-17
7.616227223396297632e+03 1.377041049792065876e-17
7.619743112564083276e+03 2.270511900078448462e-17
7.623259001731868921e+03 3.067974087139412531e-17
7.626774890899654565e+03 3.414503548620911683e-17
7.630290780067440210e+03 3.074710650043454776e-17
7.633806669235225854e+03 2.199767237226337744e-17
7.637322558403011499e+03 1.993555921511702907e-17
7.640838447570797143e+03 2.211587571441282232e-17
7.644354336738582788e+03 2.213478788612960155e-17
7.647870225906368432e+03 2.374302649180116301e-17
7.651386115074154077e+03 2.282651696667369323e-17
7.654902004241939721e+03 2.373276950009021290e-17
7.658417893409725366e+03 2.562310343021865957e-17
7.661933782577511010e+03 2.827576905143733319e-17
7.665449671745296655e+03 2.355851233583530996e-17
7.668965560913082300e+03 2.156019608781193062e-17
7.672481450080867944e+03 2.206209445208389785e-17
7.675997339248653589e+03 1.850696474532800219e-17
7.679513228416439233e+03 2.236665917464940998e-17
7.683029117584224878e+03 2.808830685216621208e-17
7.686545006752010522e+03 2.851577410918622638e-17
7.690060895919796167e+03 2.719609488721333064e-17
7.693576785087581811e+03 2.960735155853958348e-17
7.697092674255367456e+03 3.009868409618863286e-17
7.700608563423153100e+03 2.692153476466511912e-17
7.704124452590938745e+03 3.245634617669596913e-17
7.707640341758724389e+03 4.183339475279681412e-17
7.711156230926510034e+03 2.753677553526941807e-17
7.714672120094295678e+03 1.796712664740251264e-17
7.718188009262081323e+03 2.078115758023928276e-17
7.721703898429866967e+03 1.636854942551476427e-17
7.725219787597652612e+03 1.332890396843821249e-17
7.728735676765438257e+03 2.109626764167363198e-17
7.732251565933223901e+03 2.858850518090101342e-17
7.735767455101009546e+03 3.180305437137145440e-17
7.739283344268795190e+03 2.689177250452793142e-17
7.742799233436580835e+03 2.069343647528373626e-17
7.746315122604366479e+03 2.506663254009907158e-17
7.749831011772152124e+03 2.720726660816457388e-17
7.753346900939937768e+03 3.070332716436346490e-17
7.756862790107723413e+03 3.684083561739561064e-17
7.760378679275509057e+03 3.225786093182684139e-17
7.763894568443294702e+03 2.634080206262421279e-17
7.767410457611080346e+03 2.533205719402007656e-17
7.770926346778865991e+03 3.015463016166245375e-17
7.774442235946651635e+03 2.930510900051711682e-17
7.777958125114437280e+03 2.490357867897385271e-17
7.781474014282222925e+03 1.903010089829636629e-17
7.784989903450008569e+03 1.742622358828384041e-17
7.788505792617794214e+03 2.563371269135520106e-17
7.792021681785579858e+03 1.975818083648986831e-17
7.795537570953365503e+03 1.269119222699468694e-17
7.799053460121151147e+03 2.215283057233529966e-17
7.802569349288936792e+03 2.637814498606860958e-17
7.806085238456722436e+03 3.000219104082405284e-17
7.809601127624508081e+03 2.983140705537842176e-17
7.813117016792293725e+03 2.566283616905807164e-17
7.816632905960079370e+03 2.637701455513471257e-17
7.820148795127865014e+03 3.262661056185838965e-17
7.823664684295650659e+03 2.877369126904207736e-17
7.827180573463436303e+03 2.017746547372906736e-17
7.830696462631221948e+03 2.036293013108864862e-17
7.834212351799007592e+03 2.508430672672949157e-17
7.837728240966793237e+03 1.920678257883595030e-17
7.841244130134578882e+03 2.113340503586029270e-17
7.844760019302364526e+03 2.513877888558864030e-17
7.848275908470150171e+03 2.899565123262574226e-17
7.851791797637935815e+03 3.373409299580430327e-17
7.855307686805721460e+03 3.026013934386269589e-17
7.858823575973507104e+03 2.071125339383828456e-17
7.862339465141292749e+03 1.996024656364735236e-17
7.865855354309078393e+03 3.080054017099793722e-17
7.869371243476864038e+03 3.806486731755597347e-17
7.872887132644649682e+03 3.292898740393083969e-17
7.876403021812435327e+03 2.561696163654993186e-17
7.879918910980220971e+03 2.672031623091782874e-17
7.883434800148006616e+03 2.644775971451861842e-17
7.886950689315792260e+03 2.486639784738538526e-17
7.890466578483577905e+03 2.567171695780866936e-17
7.893982467651363550e+03 2.562195886126001398e-17
7.897498356819149194e+03 2.566143080444466641e-17
7.901014245986934839e+03 2.580691165938061368e-17
7.904530135154720483e+03 2.277722401319474313e-17
7.908046024322506128e+03 2.205367380219968423e-17
7.911561913490291772e+03 1.314983100475696628e-17
7.915077802658077417e+03 1.347624292363780348e-17
7.918593691825863061e+03 1.873058057619470570e-17
7.922109580993648706e+03 1.497988578862949581e-17
7.925625470161434350e+03 2.120178425457168728e-17
7.929141359329219995e+03 2.340003952509179828e-17
7.932657248497005639e+03 2.267873661947951457e-17
7.936173137664791284e+03 2.592491997364165740e-17
7.939689026832576928e+03 2.504932275566206352e-17
7.943204916000362573e+03 3.061190114157290764e-17
7.946720805168148217e+03 3.295488025966819240e-17
7.950236694335932953e+03 2.635568239101992517e-17
7.953752583503718597e+03 2.627028815553018677e-17
7.957268472671504242e+03 2.429605968811933210e-17
7.960784361839289886e+03 1.835057795098749262e-17
7.964300251007075531e+03 1.809690287993766406e-17
7.967816140174861175e+03 2.472408037946517555e-17
7.971332029342646820e+03 2.601315545147772862e-17
7.974847918510432464e+03 2.397869778925658066e-17
7.978363807678218109e+03 2.324400724002096853e-17
7.981879696846003753e+03 2.551199277798718676e-17
7.985395586013789398e+03 2.869871453195087841e-17
7.988911475181575042e+03 2.786221268324001341e-17
7.992427364349360687e+03 2.617147681154896000e-17
7.995943253517146331e+03 2.237450555853471201e-17
7.999459142684931976e+03 2.009275477843830778e-17
8.002975031852717620e+03 2.088698450961053730e-17
8.006490921020503265e+03 2.264600556316152341e-17
8.010006810188288910e+03 2.678460644623427817e-17
8.013522699356074554e+03 2.902152837710498501e-17
8.017038588523860199e+03 2.825999623615684980e-17
8.020554477691645843e+03 3.365193283473472783e-17
8.024070366859431488e+03 3.971642681212368494e-17
8.027586256027217132e+03 4.411560400488299741e-17
8.031102145195002777e+03 3.803721748067281502e-17
8.034618034362788421e+03 3.024463778645988890e-17
8.038133923530574066e+03 3.174939161364058591e-17
8.041649812698359710e+03 2.733506359172082698e-17
8.045165701866145355e+03 2.165233677196446076e-17
8.048681591033930999e+03 2.236695856359375448e-17
8.052197480201716644e+03 1.867645106454622167e-17
8.055713369369502288e+03 1.884220209749385437e-17
8.059229258537287933e+03 1.778905549897234509e-17
8.062745147705073578e+03 1.344282411393980399e-17
8.066261036872859222e+03 2.372977157939404522e-17
8.069776926040644867e+03 2.540440730437941480e-17
8.073292815208430511e+03 1.483860064857946579e-17
8.076808704376216156e+03 1.823435395664340648e-17
8.080324593544001800e+03 2.216345134216691851e-17
8.083840482711787445e+03 2.309701421319630232e-17
8.087356371879573089e+03 2.597304145157018598e-17
8.090872261047358734e+03 2.720799080025948062e-17
8.094388150215144378e+03 2.129320499311437745e-17
8.097904039382930023e+03 2.230158058510246807e-17
8.101419928550715667e+03 3.052099485592844135e-17
8.104935817718501312e+03 2.710776851276075950e-17
8.108451706886286956e+03 1.911980550426312928e-17
8.111967596054072601e+03 2.124657037387255703e-17
8.115483485221858245e+03 2.310185814782273221e-17
8.118999374389643890e+03 2.300289992970602175e-17
8.122515263557429535e+03 1.810745937892259981e-17
8.126031152725215179e+03 1.489031307677022367e-17
8.129547041893000824e+03 1.812075131845704064e-17
8.133062931060786468e+03 2.194491206518004343e-17
8.136578820228572113e+03 2.021554002564095974e-17
8.140094709396357757e+03 2.004430882038072058e-17
8.143610598564143402e+03 2.079660623604612100e-17
8.147126487731929046e+03 2.044404769110279373e-17
8.150642376899714691e+03 2.283782022129714348e-17
8.154158266067500335e+03 1.772673642082345277e-17
8.157674155235285980e+03 1.461573685108090638e-17
8.161190044403071624e+03 1.763434863289839256e-17
8.164705933570857269e+03 2.047749935922224183e-17
8.168221822738642913e+03 2.091025949507506982e-17
8.171737711906428558e+03 2.384898021940378865e-17
8.175253601074214203e+03 2.423421542127541122e-17
8.178769490241999847e+03 2.290451848812786634e-17
8.182285379409785492e+03 2.660141542547769561e-17
8.185801268577571136e+03 2.815271575316530983e-17
8.189317157745356781e+03 2.472109087445047573e-17
8.192833046913143335e+03 2.801025184137655009e-17
8.196348936080928979e+03 2.334144212743609658e-17
8.199864825248714624e+03 1.958185737551101969e-17
8.203380714416500268e+03 2.178495025120122335e-17
8.206896603584285913e+03 2.028040800099081960e-17
8.210412492752071557e+03 1.787171460092498765e-17
8.213928381919857202e+03 1.740848647404447237e-17
8.217444271087642846e+03 1.920628742170683548e-17
8.220960160255428491e+03 2.146695768630119991e-17
8.224476049423214135e+03 2.454888379415849854e-17
8.227991938590999780e+03 2.391011983066492369e-17
8.231507827758785425e+03 1.928011737870041416e-17
8.235023716926571069e+03 2.028484893224672216e-17
8.238539606094356714e+03 2.619241073659338587e-17
8.242055495262142358e+03 2.549663906286108517e-17
8.245571384429928003e+03 2.210356983008398249e-17
8.249087273597713647e+03 1.949158482365737531e-17
8.252603162765499292e+03 2.204361307567228366e-17
8.256119051933284936e+03 2.371667181641928930e-17
8.259634941101070581e+03 2.016887462247211764e-17
8.263150830268856225e+03 2.580381388820651275e-17
8.266666719436641870e+03 2.858800860281446858e-17
8.270182608604427514e+03 2.260353989532211495e-17
8.273698497772213159e+03 2.268019091754972829e-17
8.277214386939998803e+03 2.772186817357613473e-17
8.280730276107784448e+03 2.180739125195222893e-17
8.284246165275570092e+03 1.217965186828375322e-17
8.287762054443355737e+03 8.724895938126672609e-18
8.291277943611141382e+03 1.285110123491387711e-17
8.294793832778927026e+03 2.096721857270717556e-17
8.298309721946712671e+03 1.847282042351834138e-17
8.301825611114498315e+03 1.597373312345733030e-17
8.305341500282283960e+03 2.027365638804749873e-17
8.308857389450069604e+03 2.699534399257081926e-17
8.312373278617853430e+03 2.793549858112369036e-17
8.315889167785639074e+03 2.470310319195315044e-17
8.319405056953424719e+03 2.474686032910116161e-17
8.322920946121210363e+03 2.371535011419689046e-17
8.326436835288996008e+03 2.135262291577865314e-17
8.329952724456781652e+03 2.336762532314508670e-17
8.333468613624567297e+03 2.552581314838515997e-17
8.336984502792352941e+03 1.562679743932179407e-17
8.340500391960138586e+03 7.924468886968274166e-18
8.344016281127924231e+03 1.699736618578321104e-17
8.347532170295709875e+03 2.309653605754855059e-17
8.351048059463495520e+03 2.240763594955584745e-17
8.354563948631281164e+03 1.694869621783752816e-17
8.358079837799066809e+03 1.774565099440338655e-17
8.361595726966852453e+03 1.644131569417129850e-17
8.365111616134638098e+03 1.703251408510643921e-17
8.368627505302423742e+03 1.926316051556546992e-17
8.372143394470209387e+03 2.575653613689016793e-17
8.375659283637995031e+03 2.528580225672457003e-17
8.379175172805780676e+03 2.068043327492106132e-17
8.382691061973566320e+03 2.712272891122523396e-17
8.386206951141351965e+03 2.445724191738538677e-17
8.389722840309137609e+03 2.274227235831197316e-17
8.393238729476923254e+03 2.583555161761441822e-17
8.396754618644708899e+03 2.025446609522936332e-17
8.400270507812494543e+03 1.916245796749004832e-17
8.403786396980280188e+03 1.817950333221569963e-17
8.407302286148065832e+03 2.445280918043755079e-17
8.410818175315851477e+03 2.801019951277175829e-17
8.414334064483637121e+03 2.881122992623549688e-17
8.417849953651422766e+03 2.286171867325838041e-17
8.421365842819208410e+03 8.400923396774464250e-18
8.424881731986994055e+03 5.065125068210970185e-19
8.428397621154779699e+03 9.898722527942018855e-18
8.431913510322565344e+03 1.300354542193779488e-17
8.435429399490350988e+03 1.179694388412394823e-17
8.438945288658136633e+03 1.098393862411680279e-17
8.442461177825922277e+03 1.405081043529266839e-17
8.445977066993707922e+03 1.461228223651734277e-17
8.449492956161493566e+03 2.020947002059683412e-17
8.453008845329279211e+03 2.245783765252654280e-17
8.456524734497064856e+03 2.376574943964438726e-17
8.460040623664850500e+03 2.877632650709006313e-17
8.463556512832636145e+03 4.028668652755751951e-17
8.467072402000421789e+03 4.751447049589738161e-17
8.470588291168207434e+03 4.814184635655605084e-17
8.474104180335993078e+03 4.337886779482529021e-17
8.477620069503778723e+03 3.629954535333195933e-17
8.481135958671564367e+03 2.654124815178684053e-17
8.484651847839350012e+03 1.918225902018576726e-17
8.488167737007135656e+03 1.783380899984206917e-17
8.491683626174921301e+03 2.155622898572698772e-17
8.495199515342706945e+03 2.201845914332019414e-17
8.498715404510492590e+03 2.326783034019577805e-17
8.502231293678278234e+03 2.123738203336787053e-17
8.505747182846063879e+03 1.269000005464770392e-17
8.509263072013849524e+03 8.518877279038212701e-18
8.512778961181635168e+03 1.145218328673735472e-17
8.516294850349420813e+03 1.027569731321609909e-17
8.519810739517206457e+03 1.013181304594060143e-17
8.523326628684992102e+03 1.504166984317078956e-17
8.526842517852777746e+03 1.427903787347036159e-17
8.530358407020563391e+03 1.648586280070710570e-17
8.533874296188349035e+03 2.194174578780671175e-17
8.537390185356134680e+03 1.574714444053248700e-17
8.540906074523920324e+03 1.833938480742775249e-17
8.544421963691705969e+03 2.303454764368142364e-17
8.547937852859491613e+03 2.017779249015364042e-17
8.551453742027277258e+03 2.394105539594283307e-17
8.554969631195062902e+03 2.285286173699551178e-17
8.558485520362848547e+03 2.383867751233591133e-17
8.562001409530634191e+03 2.627175913645131909e-17
8.565517298698419836e+03 2.287898945100807492e-17
8.569033187866205481e+03 1.727267266318902166e-17
8.572549077033991125e+03 1.463981180061935514e-17
8.576064966201776770e+03 1.498090384155607128e-17
8.579580855369562414e+03 1.666080921394397110e-17
8.583096744537348059e+03 2.004914838575613843e-17
8.586612633705133703e+03 1.786016760798276240e-17
8.590128522872919348e+03 9.225408462849741915e-18
8.593644412040704992e+03 1.005267998627080443e-17
8.597160301208490637e+03 1.327543394522720857e-17
8.600676190376276281e+03 1.741438748527454099e-17
8.604192079544061926e+03 2.416675667897981630e-17
8.607707968711847570e+03 2.350765121405506254e-17
8.611223857879633215e+03 1.949385020974723135e-17
8.614739747047418859e+03 1.906297375548883206e-17
8.618255636215204504e+03 1.750987558023031409e-17
8.621771525382990149e+03 1.595477179923245814e-17
8.625287414550775793e+03 1.682733456952764478e-17
8.628803303718561438e+03 1.714946551916842040e-17
8.632319192886347082e+03 1.747995004483709659e-17
8.635835082054132727e+03 1.866884054777759170e-17
8.639350971221918371e+03 2.003400642119155119e-17
8.642866860389704016e+03 2.199631294252563941e-17
8.646382749557489660e+03 1.810763715718189381e-17
8.649898638725275305e+03 1.362485680968746994e-17
8.653414527893060949e+03 1.317784501072260310e-17
8.656930417060846594e+03 1.909984453416928641e-17
8.660446306228632238e+03 2.448517932873760694e-17
8.663962195396417883e+03 1.806728506568191691e-17
8.667478084564203527e+03 1.098786276574976280e-17
8.670993973731989172e+03 9.775761712895558898e-18
8.674509862899774816e+03 1.198627233249723920e-17
8.678025752067560461e+03 1.545732976883820247e-17
8.681541641235346106e+03 1.532639335105328167e-17
8.685057530403131750e+03 1.113476291210943956e-17
8.688573419570917395e+03 1.273062273546518230e-17
8.692089308738703039e+03 1.264026744059405930e-17
8.695605197906488684e+03 1.182017246336788959e-17
8.699121087074274328e+03 1.517160303612233250e-17
8.702636976242059973e+03 1.845832412738428260e-17
8.706152865409845617e+03 1.758260401956461511e-17
8.709668754577631262e+03 1.862236190864653339e-17
8.713184643745416906e+03 2.352183699667887049e-17
8.716700532913202551e+03 2.189234578556105673e-17
8.720216422080988195e+03 1.710191348940889700e-17
8.723732311248773840e+03 1.511753479760131325e-17
8.727248200416559484e+03 1.822881820016517176e-17
8.730764089584345129e+03 2.077317350101005586e-17
8.734279978752130774e+03 1.784246188818645516e-17
8.737795867919916418e+03 1.803647299558421279e-17
8.741311757087702063e+03 2.113609169422244197e-17
8.744827646255487707e+03 1.682241802445377711e-17
8.748343535423273352e+03 1.322746935336455371e-17
8.751859424591058996e+03 1.468426455533401739e-17
8.755375313758844641e+03 2.191506835604391862e-17
8.758891202926630285e+03 2.287594960875737165e-17
8.762407092094415930e+03 1.317657465707122785e-17
8.765922981262201574e+03 8.373970698950231923e-18
8.769438870429987219e+03 1.649230268035705806e-18
8.772954759597772863e+03 2.075832485857014810e-18
8.776470648765558508e+03 -2.760408461946546757e-18
8.779986537933344152e+03 -7.444786222338821953e-18
8.783502427101129797e+03 4.175562915542100846e-18
8.787018316268915441e+03 1.023781683064489929e-17
8.790534205436701086e+03 8.042281330421982153e-18
8.794050094604486731e+03 1.465069147599357491e-17
8.797565983772272375e+03 1.935301185327220645e-17
8.801081872940058020e+03 1.303927279696878777e-17
8.804597762107843664e+03 1.157613649129721511e-17
8.808113651275629309e+03 1.528778773750204957e-17
8.811629540443414953e+03 1.635810257215101987e-17
8.815145429611200598e+03 1.605823581551261371e-17
8.818661318778986242e+03 4.904307655395964413e-18
8.822177207946771887e+03 3.301870858402029031e-18
8.825693097114557531e+03 8.667236007029080909e-18
8.829208986282343176e+03 1.070039113541598187e-17
8.832724875450128820e+03 2.296375524003324951e-17
8.836240764617914465e+03 1.890667927342007177e-17
8.839756653785700109e+03 7.931408488142646101e-18
8.843272542953485754e+03 1.038517337907162363e-17
8.846788432121271399e+03 1.442049135214541980e-17
8.850304321289057043e+03 1.740905021664868896e-17
8.853820210456842688e+03 1.535625568346922783e-17
8.857336099624628332e+03 9.185494974766455371e-18
8.860851988792413977e+03 6.601248793093043480e-18
8.864367877960199621e+03 1.049735968233648979e-17
8.867883767127985266e+03 1.284189846346211161e-17
8.871399656295770910e+03 9.267361352471211712e-18
8.874915545463556555e+03 1.024924229186979163e-17
8.878431434631342199e+03 1.737594767352534895e-17
8.881947323799127844e+03 2.361364013353429509e-17
8.885463212966913488e+03 2.561356149612816295e-17
8.888979102134699133e+03 2.331397608615092043e-17
8.892494991302484777e+03 1.877960650772497484e-17
8.896010880470270422e+03 7.219295692925307932e-18
8.899526769638056066e+03 7.256742233718634151e-18
8.903042658805841711e+03 1.812618948783489549e-17
8.906558547973627356e+03 2.045395184365024405e-17
8.910074437141413000e+03 1.849860941506436198e-17
8.913590326309198645e+03 1.186556992657210151e-17
8.917106215476984289e+03 1.852065473979778029e-18
8.920622104644769934e+03 4.808686122372145349e-18
8.924137993812555578e+03 1.354475681031747855e-17
8.927653882980341223e+03 1.809882206638670310e-17
8.931169772148126867e+03 1.961209900207727368e-17
8.934685661315912512e+03 7.391234361033754988e-18
8.938201550483698156e+03 -1.900630800589937617e-19
8.941717439651483801e+03 7.175710234899412970e-18
8.945233328819269445e+03 1.195344717151321362e-17
8.948749217987055090e+03 2.082498904686027189e-17
8.952265107154840734e+03 2.867990847000462788e-17
8.955780996322626379e+03 2.687589119065636267e-17
8.959296885490412024e+03 2.317073018616515884e-17
8.962812774658197668e+03 1.466585660138307730e-17
8.966328663825983313e+03 1.284998139554839199e-17
8.969844552993768957e+03 1.728540623625357269e-17
8.973360442161554602e+03 1.378000071441157552e-17
8.976876331329340246e+03 1.522594394725348897e-17
8.980392220497125891e+03 1.902353585346292530e-17
8.983908109664911535e+03 1.188738659654009197e-17
8.987423998832697180e+03 8.639627164981941927e-18
8.990939888000482824e+03 1.598523909361213116e-17
8.994455777168268469e+03 2.209738552112170542e-17
8.997971666336054113e+03 1.557150497885323662e-17
9.001487555503839758e+03 1.199462685346280372e-17
9.005003444671625402e+03 1.837229520987738042e-17
9.008519333839411047e+03 2.192502850928420491e-17
9.012035223007196691e+03 1.867966216670678050e-17
9.015551112174982336e+03 1.269323338645424963e-17
9.019067001342767981e+03 1.310093474890291840e-17
9.022582890510553625e+03 1.439139988189100449e-17
9.026098779678339270e+03 1.240708246776045745e-17
9.029614668846124914e+03 1.250527962719727974e-17
9.033130558013910559e+03 1.624048858642774504e-17
9.036646447181696203e+03 1.578199651947538324e-17
9.040162336349481848e+03 1.405854586505806546e-17
9.043678225517267492e+03 1.535076619543230633e-17
9.047194114685053137e+03 1.280675522620730278e-17
9.050710003852838781e+03 6.954552364638177868e-18
9.054225893020624426e+03 8.576446073761371924e-18
9.057741782188410070e+03 1.389065504252343461e-17
9.061257671356195715e+03 1.743212150056062372e-17
9.064773560523981359e+03 1.799012904572534014e-17
9.068289449691767004e+03 1.628500584326663107e-17
9.071805338859552649e+03 1.632433955786036535e-17
9.075321228027338293e+03 1.504835944031529979e-17
9.078837117195123938e+03 7.958490237955462357e-18
9.082353006362909582e+03 5.449729701032223606e-18
9.085868895530695227e+03 9.368882588859989781e-18
9.089384784698480871e+03 1.512196629484246539e-17
9.092900673866266516e+03 1.382862181493563883e-17
9.096416563034052160e+03 7.736398692541071240e-18
9.099932452201837805e+03 1.054768977868008565e-17
9.103448341369623449e+03 1.092244283914770418e-17
9.106964230537409094e+03 7.543656596574572053e-18
9.110480119705194738e+03 5.998020991938345112e-18
9.113996008872980383e+03 7.853723930929572335e-18
9.117511898040766027e+03 8.025788682303745598e-18
9.121027787208551672e+03 5.842252340702686771e-18
9.124543676376337316e+03 8.285070177688541468e-18
9.128059565544122961e+03 9.667066367380995730e-18
9.131575454711908606e+03 6.891042786825586375e-18
9.135091343879694250e+03 1.016043563775336481e-17
9.138607233047479895e+03 1.289078759528498797e-17
9.142123122215265539e+03 1.128018136619343642e-17
9.145639011383051184e+03 1.198920890521269187e-17
9.149154900550836828e+03 1.241581355615958888e-17
9.152670789718622473e+03 1.001198015356432851e-17
9.156186678886408117e+03 1.081435277008423338e-17
9.159702568054193762e+03 1.672728636716948072e-17
9.163218457221979406e+03 2.144887034515843692e-17
9.166734346389765051e+03 1.648311579833599535e-17
9.170250235557550695e+03 1.313443373749346401e-17
9.173766124725336340e+03 1.105053449168307873e-17
9.177282013893121984e+03 1.084343565466023496e-17
9.180797903060907629e+03 1.446233391111947865e-17
9.184313792228693274e+03 1.361290676298436582e-17
9.187829681396478918e+03 1.199472042680114345e-17
9.191345570564264563e+03 8.050057342087797655e-18
9.194861459732050207e+03 6.133548527294685120e-18
9.198377348899835852e+03 8.356787313583810361e-18
9.201893238067621496e+03 1.093243845325065693e-17
9.205409127235407141e+03 1.301072635985613288e-17
9.208925016403192785e+03 1.176632584959911548e-17
9.212440905570976611e+03 9.907427629561653614e-18
9.215956794738762255e+03 8.014920819717473655e-18
9.219472683906547900e+03 8.463049406545190902e-18
9.222988573074333544e+03 1.226937709082117010e-17
9.226504462242119189e+03 9.721406890917424315e-18
9.230020351409904833e+03 1.175474913428122553e-17
9.233536240577690478e+03 1.384603034133187776e-17
9.237052129745476122e+03 1.388702166385038941e-17
9.240568018913261767e+03 1.724956164933017122e-17
9.244083908081047412e+03 1.583349806347638219e-17
9.247599797248833056e+03 1.396771431277111169e-17
9.251115686416618701e+03 1.151135413996547610e-17
9.254631575584404345e+03 1.252671574502688928e-17
9.258147464752189990e+03 1.228198911852234256e-17
9.261663353919975634e+03 1.503963882132104428e-17
9.265179243087761279e+03 1.668936298477300112e-17
9.268695132255546923e+03 1.366921971748134660e-17
9.272211021423332568e+03 1.139379762290433400e-17
9.275726910591118212e+03 7.732732510988717627e-18
9.279242799758903857e+03 6.538492898939796587e-18
9.282758688926689501e+03 7.187267757500525142e-18
9.286274578094475146e+03 5.114840870760125901e-18
9.289790467262260790e+03 5.278799693388355970e-18
9.293306356430046435e+03 8.463832860864180648e-18
9.296822245597832080e+03 1.772797177290721672e-17
9.300338134765617724e+03 3.029465229337513794e-17
9.303854023933403369e+03 4.329127381870022168e-17
9.307369913101189013e+03 5.078588831531211034e-17
9.310885802268974658e+03 4.661411585629740027e-17
9.314401691436760302e+03 2.304739055975475483e-17
9.317917580604545947e+03 4.731069662396179820e-18
9.321433469772331591e+03 1.616522727831550610e-17
9.324949358940117236e+03 3.385989028438185866e-17
9.328465248107902880e+03 2.939536146147670137e-17
9.331981137275688525e+03 3.336149370367013469e-17
9.335497026443474169e+03 3.652318202551161630e-17
9.339012915611259814e+03 2.410535932890565785e-17
9.342528804779045458e+03 3.163100459247483820e-17
9.346044693946831103e+03 4.800990442206187138e-17
9.349560583114616747e+03 3.925173440404781108e-17
9.353076472282402392e+03 1.617776848346344269e-17
9.356592361450188037e+03 2.797629498194782000e-17
9.360108250617973681e+03 3.302339287647558789e-17
9.363624139785759326e+03 2.404154582624813650e-17
9.367140028953544970e+03 6.025460270078707694e-18
9.370655918121330615e+03 -4.346400871907538367e-17
9.374171807289116259e+03 -8.917137119082006367e-17
9.377687696456901904e+03 -9.626759429993284541e-17
9.381203585624687548e+03 -6.155136686031059367e-17
9.384719474792473193e+03 -2.946412477225108534e-17
9.388235363960258837e+03 -8.155993425080315656e-18
9.391751253128044482e+03 9.689418737215279449e-18
9.395267142295830126e+03 1.703773018661366976e-17
9.398783031463615771e+03 1.937448801879590308e-17
9.402298920631401415e+03 2.428720525619477584e-17
9.405814809799187060e+03 1.444755054122225359e-17
9.409330698966972705e+03 6.187183243982627362e-18
9.412846588134758349e+03 -3.297893145462068577e-19
9.416362477302543994e+03 -2.577817241107509519e-18
9.419878366470329638e+03 1.305987986610542587e-17
9.423394255638115283e+03 1.479884300259563354e-17
9.426910144805900927e+03 1.355634847169831565e-17
9.430426033973686572e+03 1.145521889933683303e-17
9.433941923141472216e+03 4.702597519368827741e-20
9.437457812309257861e+03 2.458622244344515807e-17
9.440973701477043505e+03 2.448376084518819325e-17
9.444489590644829150e+03 -5.475243068918701977e-19
9.448005479812614794e+03 -1.326518535906513001e-17
9.451521368980400439e+03 -7.023359593576197882e-18
9.455037258148186083e+03 3.933972747641554566e-18
9.458553147315971728e+03 1.233551540144264331e-18
9.462069036483757372e+03 -6.347858657634414055e-18
9.465584925651543017e+03 -4.935032308121827416e-18
9.469100814819328662e+03 4.762530512770261777e-18
9.472616703987114306e+03 6.404414455748724490e-18
9.476132593154899951e+03 6.861031158524744537e-18
9.479648482322685595e+03 3.707604192941573689e-18
9.483164371490471240e+03 7.356436301198892396e-18
9.486680260658256884e+03 -1.056496921407279687e-18
9.490196149826042529e+03 -3.647896343340239012e-18
9.493712038993828173e+03 4.983111812666671711e-19
9.497227928161613818e+03 1.451286875135261321e-18
9.500743817329399462e+03 1.687592159406288609e-17
9.504259706497185107e+03 2.297721350622247018e-17
9.507775595664970751e+03 1.747489505510382652e-17
9.511291484832756396e+03 2.249724381615295626e-17
9.514807374000542040e+03 1.757048305077837986e-17
9.518323263168327685e+03 1.065268641879198521e-17
9.521839152336113330e+03 1.656383323386272618e-17
9.525355041503898974e+03 2.005561779828536712e-17
9.528870930671684619e+03 2.178407645112633313e-17
9.532386819839470263e+03 2.343880153291106788e-17
9.535902709007255908e+03 2.278666122872327190e-17
9.539418598175041552e+03 1.682639234605037994e-17
9.542934487342827197e+03 1.426195262880853907e-17
9.546450376510612841e+03 4.204279579015431387e-18
9.549966265678398486e+03 5.424103713652302018e-19
9.553482154846184130e+03 -1.823365058066395708e-18
9.556998044013969775e+03 -9.124329468466268596e-18
9.560513933181755419e+03 -4.629004935366026460e-18
9.564029822349541064e+03 -8.803153438634141808e-18
9.567545711517326708e+03 -8.972262944171027959e-18
9.571061600685112353e+03 9.208926953937297673e-19
9.574577489852897997e+03 -1.480181360183830010e-19
9.578093379020683642e+03 2.241197311263093474e-19
9.581609268188469287e+03 1.142978759085821973e-18
9.585125157356254931e+03 8.259376259809202416e-18
9.588641046524040576e+03 7.709969384771254032e-18
9.592156935691826220e+03 6.679374752532471217e-18
9.595672824859611865e+03 7.084885161008189735e-18
9.599188714027397509e+03 5.501448788513124954e-18
9.602704603195183154e+03 8.454212967090350697e-18
9.606220492362968798e+03 2.571064929896815896e-18
9.609736381530754443e+03 2.172127328737743040e-18
9.613252270698540087e+03 4.829831855881802604e-18
9.616768159866325732e+03 1.271989748558896426e-17
9.620284049034111376e+03 2.078825037980158671e-17
9.623799938201897021e+03 1.874617411509894763e-17
9.627315827369682665e+03 1.486281506991155702e-17
9.630831716537468310e+03 1.301597699850288951e-17
9.634347605705253955e+03 1.411377669406082681e-17
9.637863494873039599e+03 1.936815956613022397e-17
9.641379384040825244e+03 1.743982056947125001e-17
9.644895273208610888e+03 8.560852036044938286e-18
9.648411162376396533e+03 5.397942074571649124e-18
9.651927051544182177e+03 6.425656444997410701e-18
9.655442940711967822e+03 8.582326665422746247e-18
9.658958829879753466e+03 9.253129240095354123e-18
9.662474719047539111e+03 -5.561534508435521482e-19
9.665990608215324755e+03 4.927130704343674945e-18
9.669506497383110400e+03 6.502362067134155586e-18
9.673022386550896044e+03 6.538286374013024469e-18
9.676538275718681689e+03 1.043574909458058745e-17
9.680054164886467333e+03 1.424861250158440004e-17
9.683570054054252978e+03 1.435531549065518485e-17
9.687085943222038622e+03 1.421956084814797351e-17
9.690601832389824267e+03 6.443560208362503062e-18
9.694117721557609912e+03 5.998443133514455518e-19
9.697633610725395556e+03 1.130777786941559033e-17
9.701149499893181201e+03 1.844293886772282363e-17
9.704665389060966845e+03 1.380087673695848571e-17
9.708181278228752490e+03 8.680515641406539242e-18
9.711697167396538134e+03 1.009301259643321765e-17
9.715213056564323779e+03 9.558899954713659441e-18
9.718728945732109423e+03 1.787373884393968575e-17
9.722244834899895068e+03 1.774188842477980135e-17
9.725760724067680712e+03 1.259783937146469514e-17
9.729276613235466357e+03 1.287049669695889155e-17
9.732792502403252001e+03 1.312411967995798175e-17
9.736308391571037646e+03 8.737887903376362795e-18
9.739824280738823290e+03 4.966194704183487550e-18
9.743340169906608935e+03 2.365115342744441938e-18
9.746856059074394580e+03 3.927683089786828704e-18
9.750371948242180224e+03 6.244801501922089760e-18
9.753887837409965869e+03 3.940487840542173067e-18
9.757403726577751513e+03 2.953729680725922732e-18
9.760919615745537158e+03 6.192291425032264876e-18
9.764435504913322802e+03 5.600366393461322647e-18
9.767951394081108447e+03 4.592746908808179716e-18
9.771467283248894091e+03 3.234204322800748880e-18
9.774983172416679736e+03 5.658601292107129305e-18
9.778499061584465380e+03 7.197572409946640115e-18
9.782014950752251025e+03 7.049931394520840378e-18
9.785530839920036669e+03 1.143430355847879654e-17
9.789046729087822314e+03 1.973754640824999896e-17
9.792562618255607958e+03 7.178876351494861811e-18
9.796078507423393603e+03 1.702846798811780897e-17
9.799594396591179247e+03 1.914604064310333631e-17
9.803110285758964892e+03 1.264713093542431756e-17
9.806626174926750537e+03 6.685942878807003108e-18
9.810142064094536181e+03 1.134860181220472241e-17
9.813657953262321826e+03 6.573708763759401164e-18
9.817173842430107470e+03 5.194683488424500968e-18
9.820689731597893115e+03 8.793101153453464306e-18
9.824205620765678759e+03 1.088591865156391910e-17
9.827721509933464404e+03 1.368857124464660990e-17
9.831237399101250048e+03 1.374097971683238925e-17
9.834753288269035693e+03 9.590776401569214709e-18
9.838269177436821337e+03 6.488899632254561898e-18
9.841785066604606982e+03 1.670396253568789100e-18
9.845300955772392626e+03 5.488812536362029285e-18
9.848816844940178271e+03 8.886275798236928577e-18
9.852332734107963915e+03 5.770666978535528845e-18
9.855848623275749560e+03 2.786463432651493897e-18
9.859364512443535205e+03 8.408725898326052349e-18
9.862880401611320849e+03 1.179520676477723022e-17
9.866396290779106494e+03 2.135817333729410793e-17
9.869912179946892138e+03 2.619581126754231439e-17
9.873428069114677783e+03 2.235201849863001091e-17
9.876943958282463427e+03 2.037305764735838181e-17
9.880459847450249072e+03 2.526364617040161690e-17
9.883975736618034716e+03 1.761389841020571334e-17
9.887491625785820361e+03 9.657644556691566741e-18
9.891007514953606005e+03 1.555793986257528574e-17
9.894523404121391650e+03 1.881209541302538285e-17
9.898039293289177294e+03 1.567690102166092296e-17
9.901555182456962939e+03 1.073590158556579802e-17
9.905071071624748583e+03 1.511086782608228799e-17
9.908586960792534228e+03 1.368618226958671083e-17
9.912102849960319872e+03 2.050990458354474007e-17
9.915618739128105517e+03 2.612417925134054251e-17
9.919134628295891162e+03 1.650344714746622303e-17
9.922650517463676806e+03 1.973529864194065636e-17
9.926166406631462451e+03 2.354822125637708226e-17
9.929682295799248095e+03 6.261953506775293520e-18
9.933198184967033740e+03 -1.569885744762026804e-17
9.936714074134819384e+03 -1.288349899172848965e-17
9.940229963302605029e+03 2.972569614793216363e-18
9.943745852470390673e+03 8.446423976622532913e-18
9.947261741638176318e+03 1.097461577247418319e-17
9.950777630805961962e+03 1.612051180316859474e-17
9.954293519973747607e+03 1.649444283706507527e-17
9.957809409141533251e+03 3.051974673428720131e-18
9.961325298309318896e+03 -2.252935663560144881e-17
9.964841187477104540e+03 -2.189683437159518586e-17
9.968357076644890185e+03 4.986720591664781130e-19
9.971872965812675830e+03 -1.556564257761167173e-18
9.975388854980461474e+03 -8.767775725497513783e-19
9.978904744148247119e+03 8.964423114048278255e-18
9.982420633316032763e+03 4.587758491322844162e-18
9.985936522483818408e+03 -1.316513164631591076e-20
9.989452411651604052e+03 -9.389181519685854278e-19
9.992968300819389697e+03 8.094817831445461583e-18
9.996484189987175341e+03 1.565535417945393215e-17
1.000000007915496099e+04 7.920644903814860477e-18
