4.800000000000000000e+03 9.984580198516866743e-17
4.803515889167784735e+03 9.355613898299715899e-17
4.807031778335570380e+03 1.024506665259920562e-16
4.810547667503356024e+03 9.629875225686777840e-17
4.814063556671141669e+03 1.004215593961749772e-16
4.817579445838927313e+03 1.064165277245958938e-16
4.821095335006712958e+03 9.600360759686395770e-17
4.824611224174498602e+03 8.888095386551684912e-17
4.828127113342284247e+03 9.525131660824903094e-17
4.831643002510069891e+03 9.427104802536958933e-17
4.835158891677855536e+03 7.835171890877015645e-17
4.838674780845641180e+03 1.054628678876610580e-16
4.842190670013426825e+03 1.011652675587540538e-16
4.845706559181212469e+03 9.928685950165433557e-17
4.849222448348998114e+03 1.025880314472350622e-16
4.852738337516783758e+03 1.057715253701515450e-16
4.856254226684569403e+03 1.097809889132042777e-16
4.859770115852355048e+03 1.057808692023509440e-16
4.863286005020140692e+03 1.115278752529080646e-16
4.866801894187926337e+03 1.102732871091264373e-16
4.870317783355711981e+03 1.109218827361517165e-16
4.873833672523497626e+03 1.039571278575736302e-16
4.877349561691283270e+03 7.995375599704855748e-17
4.880865450859068915e+03 8.414261847135179090e-17
4.884381340026854559e+03 8.135484113603577618e-17
4.887897229194640204e+03 9.066213842213953467e-17
4.891413118362425848e+03 8.336654438576473949e-17
4.894929007530211493e+03 8.922970644665900643e-17
4.898444896697997137e+03 9.572323969132278429e-17
4.901960785865782782e+03 9.376299369313951973e-17
4.905476675033568426e+03 9.124226334678012446e-17
4.908992564201354071e+03 7.958863185722275064e-17
4.912508453369139716e+03 7.132925329321547058e-17
4.916024342536925360e+03 8.234749095832391151e-17
4.919540231704711005e+03 9.254023545932893295e-17
4.923056120872496649e+03 8.684981518011533987e-17
4.926572010040282294e+03 9.876986500136379285e-17
4.930087899208067938e+03 1.170818835229443127e-16
4.933603788375853583e+03 1.029536651303182017e-16
4.937119677543639227e+03 1.026560720157012241e-16
4.940635566711424872e+03 1.089901777778239816e-16
4.944151455879210516e+03 1.098501610647484121e-16
4.947667345046996161e+03 9.728882127564474828e-17
4.951183234214781805e+03 8.487867686762597705e-17
4.954699123382567450e+03 8.154437799287372673e-17
4.958215012550353094e+03 8.072896319735365332e-17
4.961730901718138739e+03 7.757784181489004588e-17
4.965246790885924383e+03 7.544961197790951246e-17
4.968762680053710028e+03 9.866802252434626408e-17
4.972278569221495673e+03 1.197180882828161107e-16
4.975794458389281317e+03 1.055899890041982073e-16
4.979310347557066962e+03 9.407722306423616388e-17
4.982826236724852606e+03 8.447742147864385396e-17
4.986342125892638251e+03 8.484296251749838752e-17
4.989858015060423895e+03 8.764966574522961552e-17
4.993373904228209540e+03 7.977483352183088738e-17
4.996889793395995184e+03 7.346926879956365954e-17
5.000405682563780829e+03 7.173814521361268322e-17
5.003921571731566473e+03 9.209541743056731721e-17
5.007437460899352118e+03 9.852446367467646102e-17
5.010953350067137762e+03 9.048262699432572682e-17
5.014469239234923407e+03 1.011305325904717270e-16
5.017985128402709051e+03 1.054246322910264069e-16
5.021501017570494696e+03 9.543309120221878388e-17
5.025016906738280341e+03 7.952462131270094715e-17
5.028532795906065985e+03 8.222212346468537464e-17
5.032048685073851630e+03 9.496609149815094615e-17
5.035564574241637274e+03 9.959030243756328824e-17
5.039080463409422919e+03 8.755757738199531205e-17
5.042596352577208563e+03 9.135792304874973901e-17
5.046112241744994208e+03 9.173341010728961018e-17
5.049628130912779852e+03 9.072737981141281707e-17
5.053144020080565497e+03 9.249035315966953517e-17
5.056659909248351141e+03 9.063627744746867681e-17
5.060175798416136786e+03 8.780721387341891538e-17
5.063691687583922430e+03 8.683993533487900651e-17
5.067207576751708075e+03 8.312870679859859255e-17
5.070723465919493719e+03 8.167298803451347147e-17
5.074239355087279364e+03 8.555085706827636818e-17
5.077755244255065008e+03 9.899741246170978013e-17
5.081271133422850653e+03 9.768077915454177534e-17
5.084787022590636298e+03 9.538209717181611483e-17
5.088302911758421942e+03 1.076531892101422719e-16
5.091818800926207587e+03 1.083240393043676778e-16
5.095334690093993231e+03 9.461173394117812952e-17
5.098850579261778876e+03 9.282673111884789919e-17
5.102366468429564520e+03 9.519610726544479166e-17
5.105882357597350165e+03 8.812537400678641152e-17
5.109398246765135809e+03 9.223869834755130245e-17
5.112914135932921454e+03 1.051235716352816069e-16
5.116430025100707098e+03 9.936935918722792434e-17
5.119945914268492743e+03 8.694170502000263061e-17
5.123461803436278387e+03 8.953468462978485753e-17
5.126977692604064032e+03 1.000788816294514094e-16
5.130493581771849676e+03 9.789912174903127253e-17
5.134009470939635321e+03 9.403502361810615862e-17
5.137525360107420966e+03 9.296420191920931196e-17
5.141041249275206610e+03 8.681330673659969945e-17
5.144557138442992255e+03 8.460790425719041876e-17
5.148073027610777899e+03 9.162671042571517003e-17
5.151588916778563544e+03 8.728675844944545079e-17
5.155104805946349188e+03 8.075273967688087755e-17
5.158620695114134833e+03 7.777240131240741841e-17
5.162136584281920477e+03 8.862984168388045119e-17
5.165652473449706122e+03 9.079745855290830957e-17
5.169168362617491766e+03 8.004923249207187815e-17
5.172684251785277411e+03 9.184235310268529413e-17
5.176200140953063055e+03 8.515241409337692539e-17
5.179716030120848700e+03 7.389366539336256613e-17
5.183231919288634344e+03 8.439995105119458760e-17
5.186747808456419989e+03 8.716755179700920887e-17
5.190263697624205633e+03 8.860893717544001107e-17
5.193779586791991278e+03 8.976784368340640454e-17
5.197295475959776923e+03 8.486069726983152444e-17
5.200811365127562567e+03 8.263912175508560695e-17
5.204327254295348212e+03 7.426160194727105326e-17
5.207843143463133856e+03 7.057440797086898007e-17
5.211359032630919501e+03 7.655275989514493144e-17
5.214874921798705145e+03 7.703187614082544592e-17
5.218390810966490790e+03 8.075160809380290501e-17
5.221906700134276434e+03 9.199103385470802554e-17
5.225422589302062079e+03 9.094948111460575521e-17
5.228938478469847723e+03 7.588128114365398527e-17
5.232454367637633368e+03 7.523715890938139283e-17
5.235970256805419012e+03 8.073727470814858614e-17
5.239486145973204657e+03 7.738410288054032595e-17
5.243002035140990301e+03 7.278822784019160037e-17
5.246517924308775946e+03 7.122650422624658370e-17
5.250033813476561591e+03 8.111208678730861404e-17
5.253549702644347235e+03 8.420776721639646736e-17
5.257065591812132880e+03 6.764876940594242755e-17
5.260581480979918524e+03 6.594618024240208047e-17
5.264097370147704169e+03 7.763963551537020726e-17
5.267613259315489813e+03 8.393224989796730490e-17
5.271129148483275458e+03 8.217819686543635866e-17
5.274645037651061102e+03 7.393389945835714540e-17
5.278160926818846747e+03 7.477434143049062321e-17
5.281676815986632391e+03 7.597495769366439055e-17
5.285192705154418036e+03 7.532515107422233370e-17
5.288708594322203680e+03 7.305019263146469402e-17
5.292224483489989325e+03 7.434058115215761635e-17
5.295740372657774969e+03 8.219156410413521558e-17
5.299256261825560614e+03 8.292103814273347963e-17
5.302772150993346258e+03 8.725588806898497180e-17
5.306288040161131903e+03 8.445766178817118723e-17
5.309803929328917548e+03 7.275498179701186908e-17
5.313319818496703192e+03 8.012637204727612330e-17
5.316835707664488837e+03 8.583602262137034916e-17
5.320351596832274481e+03 8.061741292866720222e-17
5.323867486000060126e+03 7.707844971803463159e-17
5.327383375167845770e+03 7.452674311209635054e-17
5.330899264335631415e+03 7.774990199974597606e-17
5.334415153503417059e+03 8.303838529315270235e-17
5.337931042671202704e+03 8.733699147368457105e-17
5.341446931838988348e+03 7.476013377628941241e-17
5.344962821006773993e+03 5.448022941638808821e-17
5.348478710174559637e+03 5.941607899721855837e-17
5.351994599342345282e+03 7.512800415574889530e-17
5.355510488510130926e+03 7.151135875943024473e-17
5.359026377677916571e+03 7.046676861211867969e-17
5.362542266845702216e+03 7.307757561846264945e-17
5.366058156013487860e+03 7.346136757035255302e-17
5.369574045181273505e+03 8.241134268416810483e-17
5.373089934349059149e+03 8.656242616553481636e-17
5.376605823516844794e+03 8.636739682942951371e-17
5.380121712684630438e+03 8.565659722034024682e-17
5.383637601852416083e+03 8.059932083430944240e-17
5.387153491020201727e+03 6.704181735967551796e-17
5.390669380187987372e+03 6.804901894329968615e-17
5.394185269355773016e+03 7.382874164144450409e-17
5.397701158523558661e+03 7.176832076235861767e-17
5.401217047691344305e+03 7.636652514331229258e-17
5.404732936859129950e+03 8.051889240898968641e-17
5.408248826026915594e+03 7.291933265855880504e-17
5.411764715194701239e+03 6.225715323376258977e-17
5.415280604362486883e+03 7.080637588440845073e-17
5.418796493530272528e+03 8.697891491267771601e-17
5.422312382698058173e+03 8.649942147263787735e-17
5.425828271865843817e+03 7.756375989214194314e-17
5.429344161033629462e+03 7.681282547973160334e-17
5.432860050201415106e+03 8.069798693777476754e-17
5.436375939369200751e+03 7.825153079297773374e-17
5.439891828536986395e+03 6.929955721080225382e-17
5.443407717704772040e+03 7.229346133732158261e-17
5.446923606872557684e+03 8.840446474546180306e-17
5.450439496040343329e+03 9.080137608028936071e-17
5.453955385208128973e+03 7.942965436093495915e-17
5.457471274375914618e+03 7.733230152185980514e-17
5.460987163543700262e+03 8.021313336736558526e-17
5.464503052711485907e+03 7.329946516341877402e-17
5.468018941879271551e+03 7.115767618183727137e-17
5.471534831047057196e+03 7.636362008500100634e-17
5.475050720214842841e+03 7.167838968616185250e-17
5.478566609382628485e+03 6.974129151024027187e-17
5.482082498550414130e+03 7.217188563961098881e-17
5.485598387718199774e+03 7.320591434486147680e-17
5.489114276885984509e+03 7.193386276398762999e-17
5.492630166053770154e+03 7.899826974532120458e-17
5.496146055221555798e+03 8.709006151722524123e-17
5.499661944389341443e+03 7.648347524703748984e-17
5.503177833557127087e+03 6.339696179574635894e-17
5.506693722724912732e+03 7.815919096683721415e-17
5.510209611892698376e+03 8.109813059601361936e-17
5.513725501060484021e+03 7.527779663851489798e-17
5.517241390228269665e+03 7.052304336355188726e-17
5.520757279396055310e+03 7.051393114192400311e-17
5.524273168563840954e+03 7.603284710165330164e-17
5.527789057731626599e+03 7.594266456255032035e-17
5.531304946899412244e+03 7.462211372800126442e-17
5.534820836067197888e+03 7.053655618603855352e-17
5.538336725234983533e+03 7.020848973765512232e-17
5.541852614402769177e+03 7.074508510974072159e-17
5.545368503570554822e+03 7.776955581110023600e-17
5.548884392738340466e+03 8.004567892416035034e-17
5.552400281906126111e+03 7.542973317342863810e-17
5.555916171073911755e+03 7.275776112387004725e-17
5.559432060241697400e+03 7.145691704023445466e-17
5.562947949409483044e+03 6.764385264438141235e-17
5.566463838577268689e+03 6.609991672232873598e-17
5.569979727745054333e+03 6.665265204252646992e-17
5.573495616912839978e+03 8.044447262363951562e-17
5.577011506080625622e+03 8.107230932601216405e-17
5.580527395248411267e+03 6.599115239794536348e-17
5.584043284416196911e+03 6.929002147270074252e-17
5.587559173583982556e+03 7.574445223544791364e-17
5.591075062751768201e+03 7.278292726682636057e-17
5.594590951919553845e+03 6.332051707225665833e-17
5.598106841087339490e+03 6.729120900563780559e-17
5.601622730255125134e+03 7.429098340262893681e-17
5.605138619422910779e+03 7.945553518794051828e-17
5.608654508590696423e+03 7.270903687706822371e-17
5.612170397758482068e+03 5.624879781430811498e-17
5.615686286926267712e+03 6.253382198760442604e-17
5.619202176094053357e+03 7.049537582642321359e-17
5.622718065261839001e+03 8.186216093188189869e-17
5.626233954429624646e+03 8.089671542557940733e-17
5.629749843597410290e+03 6.564833566487888669e-17
5.633265732765195935e+03 6.793866643214021184e-17
5.636781621932981579e+03 7.579337500559674991e-17
5.640297511100767224e+03 7.338893963591740992e-17
5.643813400268552869e+03 7.142314821890758986e-17
5.647329289436338513e+03 6.930136377326006963e-17
5.650845178604124158e+03 6.813716992681823721e-17
5.654361067771909802e+03 6.812891797302740820e-17
5.657876956939695447e+03 6.950152824660810148e-17
5.661392846107481091e+03 7.724146385571168186e-17
5.664908735275266736e+03 7.477004009130534747e-17
5.668424624443052380e+03 6.863095043039809176e-17
5.671940513610838025e+03 7.357493615973363351e-17
5.675456402778623669e+03 7.620674031874664933e-17
5.678972291946409314e+03 6.643201981210142596e-17
5.682488181114194958e+03 6.184178945225276224e-17
5.686004070281980603e+03 6.541018705780241981e-17
5.689519959449766247e+03 6.848309685898791338e-17
5.693035848617551892e+03 7.087861853038638195e-17
5.696551737785337536e+03 7.097520675615297389e-17
5.700067626953123181e+03 7.096170716855610848e-17
5.703583516120908826e+03 7.147031736615781371e-17
5.707099405288694470e+03 6.729864701370588242e-17
5.710615294456480115e+03 6.513530501408369808e-17
5.714131183624265759e+03 6.271746270103609861e-17
5.717647072792051404e+03 7.442994312809294503e-17
5.721162961959837048e+03 8.341160918553662844e-17
5.724678851127622693e+03 7.352297598237550252e-17
5.728194740295408337e+03 6.392549050249834107e-17
5.731710629463193982e+03 7.065557093257268315e-17
5.735226518630979626e+03 6.758292582918320654e-17
5.738742407798765271e+03 5.937146418369989827e-17
5.742258296966550915e+03 6.386683347090098078e-17
5.745774186134336560e+03 7.631557743502392650e-17
5.749290075302122204e+03 8.214753824321269324e-17
5.752805964469907849e+03 8.020794529056365267e-17
5.756321853637693494e+03 7.301875976818767897e-17
5.759837742805479138e+03 7.126068994660217522e-17
5.763353631973264783e+03 6.638383819578143720e-17
5.766869521141050427e+03 7.021218227190955904e-17
5.770385410308836072e+03 7.274730556092737698e-17
5.773901299476621716e+03 7.387021978608036311e-17
5.777417188644407361e+03 7.734423277501527002e-17
5.780933077812193005e+03 7.277447678968851884e-17
5.784448966979978650e+03 7.074688505475363698e-17
5.787964856147764294e+03 6.779279809420016073e-17
5.791480745315549939e+03 6.827264887626462229e-17
5.794996634483335583e+03 6.641995621004795260e-17
5.798512523651121228e+03 7.039625311925975918e-17
5.802028412818906872e+03 8.024511547856933553e-17
5.805544301986692517e+03 7.940938512720495976e-17
5.809060191154478161e+03 7.404159837411154960e-17
5.812576080322263806e+03 7.067611809898850035e-17
5.816091969490049451e+03 7.464172783468612181e-17
5.819607858657835095e+03 6.983160639824126164e-17
5.823123747825620740e+03 6.518719901699282482e-17
5.826639636993406384e+03 6.922313233964725449e-17
5.830155526161192029e+03 6.442910452920022602e-17
5.833671415328977673e+03 7.492044137900218917e-17
5.837187304496763318e+03 7.006845798611724538e-17
5.840703193664548962e+03 6.529170170686032413e-17
5.844219082832334607e+03 6.967427002828877535e-17
5.847734972000120251e+03 7.844172939430572671e-17
5.851250861167905896e+03 8.097224032422794897e-17
5.854766750335691540e+03 6.736852723185436220e-17
5.858282639503477185e+03 6.109357480969649680e-17
5.861798528671262829e+03 5.691274591350237839e-17
5.865314417839048474e+03 6.985397336200469551e-17
5.868830307006834119e+03 6.152666672609456082e-17
5.872346196174619763e+03 6.489636893106408072e-17
5.875862085342405408e+03 6.914708466285157933e-17
5.879377974510191052e+03 6.619513513700094011e-17
5.882893863677976697e+03 5.688708346217853326e-17
5.886409752845762341e+03 6.153639437009818442e-17
5.889925642013547986e+03 7.476153667460830234e-17
5.893441531181333630e+03 7.538167728856175740e-17
5.896957420349119275e+03 6.632103864367641134e-17
5.900473309516904919e+03 7.191676990380983423e-17
5.903989198684690564e+03 7.918744926013453222e-17
5.907505087852476208e+03 7.976325299325514500e-17
5.911020977020261853e+03 6.667536973086962628e-17
5.914536866188047497e+03 6.825871253730432888e-17
5.918052755355833142e+03 7.445501000937575198e-17
5.921568644523618786e+03 7.533528899980978361e-17
5.925084533691404431e+03 7.320798560511530958e-17
5.928600422859190076e+03 6.956543291201149819e-17
5.932116312026975720e+03 7.263353183075438335e-17
5.935632201194761365e+03 7.259857186934544218e-17
5.939148090362547009e+03 6.872215205601573838e-17
5.942663979530332654e+03 7.395462529578527406e-17
5.946179868698118298e+03 6.978269024553732580e-17
5.949695757865903943e+03 6.320346770685795470e-17
5.953211647033689587e+03 6.730110208576393980e-17
5.956727536201475232e+03 7.431564661977281788e-17
5.960243425369260876e+03 8.052435180103253640e-17
5.963759314537046521e+03 8.800648499170538996e-17
5.967275203704832165e+03 7.601069851357158177e-17
5.970791092872617810e+03 7.573959503089100227e-17
5.974306982040403454e+03 8.309561957409647144e-17
5.977822871208189099e+03 7.883561294966877722e-17
5.981338760375974744e+03 7.848114951357755380e-17
5.984854649543760388e+03 7.519566752985573296e-17
5.988370538711546033e+03 6.527138615101602177e-17
5.991886427879331677e+03 7.668468527667978872e-17
5.995402317047117322e+03 7.866170649768562868e-17
5.998918206214902966e+03 8.209455897933989692e-17
6.002434095382688611e+03 8.260693450308994354e-17
6.005949984550474255e+03 6.811206334086602771e-17
6.009465873718259900e+03 7.556518565309542149e-17
6.012981762886045544e+03 6.518203740997049393e-17
6.016497652053831189e+03 6.566223891661467798e-17
6.020013541221616833e+03 7.235607560096939659e-17
6.023529430389402478e+03 7.494877727806580569e-17
6.027045319557188122e+03 7.202413794731921722e-17
6.030561208724973767e+03 6.859493167780508272e-17
6.034077097892759411e+03 7.688118368555298555e-17
6.037592987060545056e+03 7.918675442841998768e-17
6.041108876228330701e+03 6.694415049039015688e-17
6.044624765396116345e+03 6.709531278425054737e-17
6.048140654563901990e+03 7.274886066047897668e-17
6.051656543731687634e+03 6.897385980769317449e-17
6.055172432899473279e+03 6.897801556309064090e-17
6.058688322067258923e+03 7.389100518051259559e-17
6.062204211235044568e+03 7.065239455902047952e-17
6.065720100402830212e+03 7.155494786898933908e-17
6.069235989570615857e+03 6.921865232944966729e-17
6.072751878738401501e+03 6.543626640815499167e-17
6.076267767906187146e+03 6.535358805156909145e-17
6.079783657073972790e+03 7.006305153363359879e-17
6.083299546241758435e+03 6.918804664678520526e-17
6.086815435409544079e+03 6.916802887596142199e-17
6.090331324577329724e+03 6.762206801576921581e-17
6.093847213745115369e+03 6.838331902477931697e-17
6.097363102912901013e+03 6.761957985648665631e-17
6.100878992080686658e+03 6.762457602738647659e-17
6.104394881248472302e+03 6.546761986209320163e-17
6.107910770416257947e+03 7.030564044623825032e-17
6.111426659584043591e+03 6.962244881727355328e-17
6.114942548751829236e+03 6.424471604449480551e-17
6.118458437919614880e+03 6.620328782911826275e-17
6.121974327087400525e+03 6.873084737861489581e-17
6.125490216255186169e+03 6.442568331018670670e-17
6.129006105422971814e+03 6.690175913835803932e-17
6.132521994590757458e+03 6.389206578830629833e-17
6.136037883758543103e+03 6.996173845220810396e-17
6.139553772926328747e+03 7.177927263366881976e-17
6.143069662094114392e+03 6.897687736256776793e-17
6.146585551261900036e+03 6.168772871752598594e-17
6.150101440429685681e+03 6.881007804640767501e-17
6.153617329597471326e+03 7.592760325795695482e-17
6.157133218765256970e+03 6.863896415617250549e-17
6.160649107933042615e+03 6.359284478224381631e-17
6.164164997100828259e+03 6.557148065980535978e-17
6.167680886268613904e+03 6.826008896584361712e-17
6.171196775436399548e+03 6.055938157010975153e-17
6.174712664604185193e+03 5.724040869774688371e-17
6.178228553771970837e+03 5.916076473807039106e-17
6.181744442939756482e+03 5.834276252159425178e-17
6.185260332107542126e+03 6.021199880006198202e-17
6.188776221275327771e+03 6.395573222569327977e-17
6.192292110443113415e+03 6.444374893476486482e-17
6.195807999610899060e+03 6.464998822253148611e-17
6.199323888778684704e+03 6.301316322641155494e-17
6.202839777946470349e+03 5.911872411061799598e-17
6.206355667114255994e+03 5.669092916044015848e-17
6.209871556282041638e+03 6.233909705396454290e-17
6.213387445449827283e+03 6.422442034098520443e-17
6.216903334617612927e+03 6.228387447627050278e-17
6.220419223785398572e+03 6.342560209727539497e-17
6.223935112953184216e+03 6.001479232458443980e-17
6.227451002120969861e+03 5.835744663182829313e-17
6.230966891288755505e+03 6.447864933916970217e-17
6.234482780456541150e+03 6.426630214975998933e-17
6.237998669624326794e+03 6.186862319132398246e-17
6.241514558792112439e+03 6.501896371528933984e-17
6.245030447959898083e+03 6.381574679626970579e-17
6.248546337127683728e+03 6.550046224113400704e-17
6.252062226295469372e+03 6.985374175143318066e-17
6.255578115463255017e+03 5.677651257533734494e-17
6.259094004631040661e+03 5.163238884243337304e-17
6.262609893798825397e+03 5.875417568849852605e-17
6.266125782966611041e+03 6.285186300696371455e-17
6.269641672134396686e+03 5.809366204320758282e-17
6.273157561302182330e+03 6.084604928319612880e-17
6.276673450469967975e+03 5.999298784363754199e-17
6.280189339637753619e+03 5.910786488353639984e-17
6.283705228805539264e+03 6.207308900385729005e-17
6.287221117973324908e+03 4.704277721368289899e-17
6.290737007141110553e+03 6.100998986315923846e-17
6.294252896308896197e+03 7.504775440144145077e-17
6.297768785476681842e+03 7.008274504965726127e-17
6.301284674644467486e+03 7.781585145562360385e-17
6.304800563812253131e+03 6.889372916739393759e-17
6.308316452980038775e+03 5.464130464270931418e-17
6.311832342147824420e+03 5.094833694563162085e-17
6.315348231315610064e+03 5.250846244663318508e-17
6.318864120483395709e+03 5.792872884650940952e-17
6.322380009651181354e+03 5.672416858617498935e-17
6.325895898818966998e+03 5.584900488064898564e-17
6.329411787986752643e+03 6.408874286819180662e-17
6.332927677154538287e+03 7.010362970576300011e-17
6.336443566322323932e+03 6.630975590012118804e-17
6.339959455490109576e+03 6.247861926224508719e-17
6.343475344657895221e+03 5.973886472457145104e-17
6.346991233825680865e+03 5.817848445194122049e-17
6.350507122993466510e+03 5.802450312655324928e-17
6.354023012161252154e+03 6.066512172217363016e-17
6.357538901329037799e+03 7.295065964271741331e-17
6.361054790496823443e+03 7.680001410640438205e-17
6.364570679664609088e+03 7.458162820010046904e-17
6.368086568832394732e+03 6.982838370257475505e-17
6.371602458000180377e+03 6.511009254901308180e-17
6.375118347167966022e+03 6.914459650356901983e-17
6.378634236335751666e+03 6.760816476403342453e-17
6.382150125503537311e+03 6.124496209668350171e-17
6.385666014671322955e+03 5.792691566660669329e-17
6.389181903839108600e+03 6.425084379847259834e-17
6.392697793006894244e+03 6.748308182052560589e-17
6.396213682174679889e+03 6.355850024321061460e-17
6.399729571342465533e+03 6.726247605988016362e-17
6.403245460510251178e+03 6.213416140284330519e-17
6.406761349678036822e+03 5.781563671316115958e-17
6.410277238845822467e+03 6.253142647255047247e-17
6.413793128013608111e+03 6.314235560320253702e-17
6.417309017181393756e+03 6.612385863797847082e-17
6.420824906349179400e+03 6.219423456764935627e-17
6.424340795516965045e+03 5.544208826755454963e-17
6.427856684684750689e+03 5.690467263072386084e-17
6.431372573852536334e+03 5.999146583131044442e-17
6.434888463020321979e+03 5.438739328188003680e-17
6.438404352188107623e+03 5.327244646038716144e-17
6.441920241355893268e+03 6.246821002141671989e-17
6.445436130523678912e+03 6.438541615796762531e-17
6.448952019691464557e+03 6.174236234262388831e-17
6.452467908859250201e+03 5.688711654940303538e-17
6.455983798027035846e+03 6.022104484724086194e-17
6.459499687194821490e+03 6.448305655747338470e-17
6.463015576362607135e+03 6.684733065405205009e-17
6.466531465530392779e+03 6.658096526192017433e-17
6.470047354698178424e+03 6.392705221949484119e-17
6.473563243865964068e+03 6.094820939756887793e-17
6.477079133033749713e+03 5.949196123789172292e-17
6.480595022201535357e+03 5.585956632271006270e-17
6.484110911369321002e+03 6.091071495476307429e-17
6.487626800537106647e+03 6.070638149112777518e-17
6.491142689704892291e+03 5.959075307281015612e-17
6.494658578872677936e+03 6.426679845812752114e-17
6.498174468040463580e+03 5.910504585200881912e-17
6.501690357208249225e+03 5.235936148685927673e-17
6.505206246376034869e+03 6.346317594942000370e-17
6.508722135543820514e+03 7.282897144844351230e-17
6.512238024711606158e+03 5.875473155387016169e-17
6.515753913879391803e+03 5.012532863208831065e-17
6.519269803047177447e+03 5.754970145494781139e-17
6.522785692214963092e+03 6.061031604350831676e-17
6.526301581382748736e+03 6.248493230468009189e-17
6.529817470550534381e+03 6.371782184663322816e-17
6.533333359718320025e+03 5.520600761200946532e-17
6.536849248886105670e+03 5.315300488865695445e-17
6.540365138053891314e+03 5.434444937319873382e-17
6.543881027221676959e+03 5.847472099035361118e-17
6.547396916389462604e+03 5.881708773716685912e-17
6.550912805557248248e+03 5.499346851669764018e-17
6.554428694725033893e+03 5.362739958740101625e-17
6.557944583892819537e+03 5.917426432566725647e-17
6.561460473060605182e+03 6.509048505977312483e-17
6.564976362228390826e+03 6.233911028885434375e-17
6.568492251396176471e+03 5.971664996204072693e-17
6.572008140563962115e+03 5.408597197538816373e-17
6.575524029731747760e+03 5.246955187061869065e-17
6.579039918899533404e+03 5.976548008796095726e-17
6.582555808067319049e+03 6.395129853760999554e-17
6.586071697235104693e+03 6.170277678722955062e-17
6.589587586402890338e+03 5.746009463355116701e-17
6.593103475570675982e+03 5.740639406818422445e-17
6.596619364738461627e+03 6.160826643916169189e-17
6.600135253906247272e+03 6.000135229399167821e-17
6.603651143074032916e+03 5.217445022400672271e-17
6.607167032241818561e+03 5.412716887861575472e-17
6.610682921409604205e+03 5.937620227424860201e-17
6.614198810577389850e+03 6.539412651902909023e-17
6.617714699745175494e+03 6.673234593146227882e-17
6.621230588912961139e+03 6.143146816375705797e-17
6.624746478080746783e+03 5.895610701963497117e-17
6.628262367248532428e+03 5.766186052856510152e-17
6.631778256416318072e+03 6.049077851882705362e-17
6.635294145584103717e+03 6.705231262728759078e-17
6.638810034751889361e+03 7.498086526838796274e-17
6.642325923919675006e+03 8.741154360793275033e-17
6.645841813087460650e+03 9.057357715703715732e-17
6.649357702255246295e+03 8.333010211669810330e-17
6.652873591423031939e+03 9.127175729870131522e-17
6.656389480590817584e+03 1.130840335956918245e-16
6.659905369758603229e+03 1.267054880578434486e-16
6.663421258926388873e+03 1.349613990807229063e-16
6.666937148094174518e+03 1.356339697106224225e-16
6.670453037261960162e+03 1.133764584858415708e-16
6.673968926429745807e+03 8.946773593972726568e-17
6.677484815597531451e+03 9.084522327019957160e-17
6.681000704765317096e+03 1.005224688134615462e-16
6.684516593933102740e+03 1.008995837634469217e-16
6.688032483100888385e+03 9.479234386484540779e-17
6.691548372268674029e+03 8.872636373519803888e-17
6.695064261436459674e+03 8.730756369621238454e-17
6.698580150604245318e+03 8.205675351662377335e-17
6.702096039772030963e+03 7.156810996689628285e-17
6.705611928939816607e+03 6.663733265758198785e-17
6.709127818107602252e+03 6.692098943323867210e-17
6.712643707275387897e+03 7.797724431930005019e-17
6.716159596443173541e+03 8.435065108668642715e-17
6.719675485610959186e+03 7.317767770747136665e-17
6.723191374778744830e+03 6.847354788599660123e-17
6.726707263946530475e+03 7.027207014825839824e-17
6.730223153114316119e+03 7.152604286966428608e-17
6.733739042282101764e+03 7.203290606181227932e-17
6.737254931449887408e+03 6.780232721485677161e-17
6.740770820617673053e+03 6.729126194519700899e-17
6.744286709785458697e+03 6.694908710428587335e-17
6.747802598953244342e+03 6.385430003025957730e-17
6.751318488121029986e+03 6.402475879344960482e-17
6.754834377288815631e+03 6.378349998726993856e-17
6.758350266456601275e+03 5.850078710581638219e-17
6.761866155624386920e+03 5.883748270234996657e-17
6.765382044792172564e+03 6.352108520974361606e-17
6.768897933959958209e+03 6.297194977957171289e-17
6.772413823127743854e+03 6.206486351984606274e-17
6.775929712295529498e+03 6.190292802568778162e-17
6.779445601463315143e+03 6.405989080842595701e-17
6.782961490631100787e+03 6.520912922939283069e-17
6.786477379798886432e+03 6.640678749469610840e-17
6.789993268966672076e+03 7.167512728582594336e-17
6.793509158134457721e+03 7.301277759799769547e-17
6.797025047302243365e+03 6.440042452300178744e-17
6.800540936470029010e+03 6.433097443877183524e-17
6.804056825637814654e+03 6.763057804991116136e-17
6.807572714805600299e+03 6.632598849246192866e-17
6.811088603973385943e+03 6.482423878164945670e-17
6.814604493141171588e+03 7.615915427246769875e-17
6.818120382308957232e+03 9.139228082267274156e-17
6.821636271476742877e+03 8.325920942947985862e-17
6.825152160644528522e+03 7.222555973519832967e-17
6.828668049812314166e+03 6.674221915925371176e-17
6.832183938980099811e+03 7.098113598678375399e-17
6.835699828147885455e+03 7.268782134871746366e-17
6.839215717315671100e+03 6.906842971276513704e-17
6.842731606483456744e+03 6.593207184987437603e-17
6.846247495651242389e+03 5.709263453567551042e-17
6.849763384819028033e+03 5.327019322039856699e-17
6.853279273986813678e+03 5.655926185925641775e-17
6.856795163154599322e+03 5.654552404364313707e-17
6.860311052322384967e+03 5.725289581627398421e-17
6.863826941490170611e+03 6.944737107754302965e-17
6.867342830657956256e+03 7.034382310331369808e-17
6.870858719825740991e+03 6.290899140878907685e-17
6.874374608993526635e+03 5.834693812932641947e-17
6.877890498161312280e+03 5.116538252092063489e-17
6.881406387329097925e+03 5.140503990543439849e-17
6.884922276496883569e+03 5.631877729413010112e-17
6.888438165664669214e+03 5.394714129009971378e-17
6.891954054832454858e+03 4.999933909862913390e-17
6.895469944000240503e+03 6.174580341397210891e-17
6.898985833168026147e+03 6.111335435250386480e-17
6.902501722335811792e+03 4.644067906325045057e-17
6.906017611503597436e+03 5.129901520323980162e-17
6.909533500671383081e+03 6.124738408151705698e-17
6.913049389839168725e+03 6.035475693889883375e-17
6.916565279006954370e+03 6.157079846613548995e-17
6.920081168174740014e+03 6.958783958044433460e-17
6.923597057342525659e+03 7.660926625714965387e-17
6.927112946510311303e+03 7.310219913093712798e-17
6.930628835678096948e+03 6.196490039718025446e-17
6.934144724845882592e+03 5.154741423246702561e-17
6.937660614013668237e+03 5.406308885092249677e-17
6.941176503181453882e+03 6.571566816674070314e-17
6.944692392349239526e+03 6.629156454408992186e-17
6.948208281517025171e+03 6.174478432745744358e-17
6.951724170684810815e+03 6.240000401682804744e-17
6.955240059852596460e+03 6.385126924049518301e-17
6.958755949020382104e+03 5.624605157467443893e-17
6.962271838188167749e+03 5.023584657937029557e-17
6.965787727355953393e+03 5.258903976446320061e-17
6.969303616523739038e+03 5.249140598240234165e-17
6.972819505691524682e+03 5.952369850363415748e-17
6.976335394859310327e+03 5.980861259382192234e-17
6.979851284027095971e+03 5.769652932239842402e-17
6.983367173194881616e+03 6.142317650529682642e-17
6.986883062362667260e+03 5.408830131599311306e-17
6.990398951530452905e+03 5.019027554506352417e-17
6.993914840698238550e+03 6.045114664131841296e-17
6.997430729866024194e+03 5.853421182000842493e-17
7.000946619033809839e+03 5.871432543530817139e-17
7.004462508201595483e+03 6.772418842547256240e-17
7.007978397369381128e+03 6.139799712745071226e-17
7.011494286537166772e+03 5.971408239341936233e-17
7.015010175704952417e+03 5.860509127233686877e-17
7.018526064872738061e+03 5.245349464056781128e-17
7.022041954040523706e+03 5.044837243979231986e-17
7.025557843208309350e+03 5.146705198159627387e-17
7.029073732376094995e+03 5.812576988586444114e-17
7.032589621543880639e+03 6.054422762128778006e-17
7.036105510711666284e+03 5.804942442404824690e-17
7.039621399879451928e+03 6.099122940686653579e-17
7.043137289047237573e+03 6.391991861389218388e-17
7.046653178215023217e+03 6.174877464673239938e-17
7.050169067382808862e+03 6.670407620684766655e-17
7.053684956550594507e+03 6.745503047159270762e-17
7.057200845718380151e+03 5.866478062533869524e-17
7.060716734886165796e+03 5.346001131864478557e-17
7.064232624053951440e+03 5.360688550820970116e-17
7.067748513221737085e+03 5.414656460961889811e-17
7.071264402389522729e+03 5.505710186686011949e-17
7.074780291557308374e+03 5.063354178299599043e-17
7.078296180725094018e+03 5.082810458923581317e-17
7.081812069892879663e+03 5.673501457836678465e-17
7.085327959060665307e+03 5.739055190509260887e-17
7.088843848228450952e+03 5.493735258394204278e-17
7.092359737396236596e+03 5.679043567940783750e-17
7.095875626564022241e+03 6.339791470781202002e-17
7.099391515731807885e+03 6.751071627042977744e-17
7.102907404899593530e+03 6.112216217166632944e-17
7.106423294067379175e+03 6.314808631048630439e-17
7.109939183235164819e+03 6.267913446017284152e-17
7.113455072402950464e+03 5.767191242736884591e-17
7.116970961570736108e+03 5.438356509000514139e-17
7.120486850738521753e+03 5.704183902861985410e-17
7.124002739906307397e+03 6.217271463683317670e-17
7.127518629074093042e+03 6.305185542674433537e-17
7.131034518241878686e+03 5.862962214058274136e-17
7.134550407409664331e+03 5.888492316484110782e-17
7.138066296577449975e+03 5.940589474951680550e-17
7.141582185745235620e+03 5.716444704773491407e-17
7.145098074913021264e+03 6.123711380703159859e-17
7.148613964080806909e+03 6.067024362452655851e-17
7.152129853248592553e+03 5.230991924728575716e-17
7.155645742416378198e+03 5.499077852534561774e-17
7.159161631584163842e+03 5.891803024167793020e-17
7.162677520751949487e+03 6.594032380366520504e-17
7.166193409919735132e+03 7.186052823960112877e-17
7.169709299087520776e+03 6.588556444711419460e-17
7.173225188255306421e+03 6.943569790473868132e-17
7.176741077423092065e+03 6.880899278544400544e-17
7.180256966590877710e+03 6.480633859319380919e-17
7.183772855758663354e+03 6.710255888641651189e-17
7.187288744926448999e+03 5.829944472727607483e-17
7.190804634094234643e+03 5.310152116733165401e-17
7.194320523262020288e+03 6.125830286560275694e-17
7.197836412429805932e+03 6.002387145898782183e-17
7.201352301597591577e+03 5.862854349706397221e-17
7.204868190765377221e+03 6.109167560301007505e-17
7.208384079933162866e+03 5.511663901862923621e-17
7.211899969100948510e+03 5.585296211269943933e-17
7.215415858268734155e+03 6.089679846813748215e-17
7.218931747436519800e+03 6.347634466477184790e-17
7.222447636604305444e+03 5.569763082855178158e-17
7.225963525772091089e+03 6.486726540839201499e-17
7.229479414939876733e+03 7.622363465557743236e-17
7.232995304107662378e+03 7.307015084528437347e-17
7.236511193275448022e+03 5.834631608950577959e-17
7.240027082443233667e+03 3.739599507802002730e-17
7.243542971611019311e+03 3.883985538084358817e-17
7.247058860778804956e+03 4.609191655594094262e-17
7.250574749946590600e+03 5.153711087075706510e-17
7.254090639114376245e+03 5.133556996886974502e-17
7.257606528282161889e+03 5.123137499019011544e-17
7.261122417449947534e+03 5.635560999244586234e-17
7.264638306617733178e+03 5.779715418955427473e-17
7.268154195785518823e+03 6.299327780448578016e-17
7.271670084953304467e+03 6.532214195340227555e-17
7.275185974121090112e+03 6.201184455130386388e-17
7.278701863288875757e+03 6.444623709404742433e-17
7.282217752456661401e+03 5.497062178817892556e-17
7.285733641624447046e+03 4.137537571655543157e-17
7.289249530792232690e+03 4.621200001982649075e-17
7.292765419960018335e+03 5.097804927323452561e-17
7.296281309127803979e+03 5.176122056847728200e-17
7.299797198295589624e+03 5.746888921782383080e-17
7.303313087463375268e+03 6.782235160312545530e-17
7.306828976631160913e+03 6.531598111219998060e-17
7.310344865798946557e+03 5.831897280717722671e-17
7.313860754966732202e+03 6.020303216222190720e-17
7.317376644134517846e+03 7.560576382522482281e-17
7.320892533302303491e+03 7.418750641672100326e-17
7.324408422470089135e+03 6.901061971411503104e-17
7.327924311637874780e+03 7.003261790453654779e-17
7.331440200805660425e+03 5.303448645049035665e-17
7.334956089973446069e+03 4.453326674515217299e-17
7.338471979141231714e+03 5.631982946786926857e-17
7.341987868309017358e+03 4.580533817836072107e-17
7.345503757476803003e+03 4.312168633855288148e-17
7.349019646644588647e+03 5.260776051608650073e-17
7.352535535812374292e+03 5.800508092577050419e-17
7.356051424980159936e+03 6.386161892431944649e-17
7.359567314147945581e+03 7.003871918873473892e-17
7.363083203315731225e+03 7.079624457626590124e-17
7.366599092483516870e+03 6.507174445581512343e-17
7.370114981651302514e+03 6.005081107717744884e-17
7.373630870819088159e+03 6.417778720677191494e-17
7.377146759986873803e+03 7.110494176342579075e-17
7.380662649154659448e+03 6.081676708951175162e-17
7.384178538322445092e+03 5.513108490084686229e-17
7.387694427490230737e+03 4.491331653195088666e-17
7.391210316658016382e+03 5.492522942488446561e-17
7.394726205825802026e+03 6.047966782883924136e-17
7.398242094993587671e+03 5.480200598339366618e-17
7.401757984161373315e+03 5.824064211189090520e-17
7.405273873329158960e+03 6.497585767920797646e-17
7.408789762496944604e+03 6.312937217630790469e-17
7.412305651664730249e+03 5.774983284107134112e-17
7.415821540832515893e+03 6.121600415779924532e-17
7.419337430000301538e+03 7.588979117779593082e-17
7.422853319168087182e+03 7.967836441007250308e-17
7.426369208335872827e+03 7.558818789156929608e-17
7.429885097503658471e+03 6.264477006880493854e-17
7.433400986671444116e+03 5.481760660974641629e-17
7.436916875839229760e+03 6.398493501003885186e-17
7.440432765007015405e+03 6.079685519780637514e-17
7.443948654174801050e+03 5.006098721532148594e-17
7.447464543342586694e+03 4.842256410625810233e-17
7.450980432510372339e+03 5.140507630138135082e-17
7.454496321678157983e+03 6.295608776414539603e-17
7.458012210845943628e+03 6.314767602890247809e-17
7.461528100013729272e+03 5.435001464435999059e-17
7.465043989181514917e+03 5.735485740729972062e-17
7.468559878349300561e+03 7.225515294879302679e-17
7.472075767517086206e+03 6.121202045596918994e-17
7.475591656684871850e+03 5.530997428884003027e-17
7.479107545852657495e+03 6.816514186641233039e-17
7.482623435020443139e+03 6.486397653827650415e-17
7.486139324188228784e+03 4.530465237102727384e-17
7.489655213356014428e+03 4.786403190432759677e-17
7.493171102523800073e+03 4.817466138539841015e-17
7.496686991691585717e+03 4.248926043814178885e-17
7.500202880859371362e+03 4.518550527559513574e-17
7.503718770027157007e+03 5.459166718851123209e-17
7.507234659194942651e+03 6.185110681467255954e-17
7.510750548362728296e+03 6.017823659618001765e-17
7.514266437530513940e+03 5.838362524385437135e-17
7.517782326698299585e+03 6.540769889851986030e-17
7.521298215866085229e+03 5.548554502821563550e-17
7.524814105033870874e+03 5.214099242259017785e-17
7.528329994201656518e+03 6.732273451314342658e-17
7.531845883369442163e+03 6.266223350589715806e-17
7.535361772537227807e+03 4.659537838141011780e-17
7.538877661705013452e+03 4.721636602831082716e-17
7.542393550872799096e+03 6.502519734838553946e-17
7.545909440040584741e+03 6.331978915331761167e-17
7.549425329208370385e+03 4.811407536861257619e-17
7.552941218376156030e+03 4.546943005777028717e-17
7.556457107543941675e+03 6.080783353889617892e-17
7.559972996711727319e+03 6.639500182532845286e-17
7.563488885879512964e+03 5.450491248586667055e-17
7.567004775047298608e+03 5.003253881969456222e-17
7.570520664215084253e+03 5.439010312556676052e-17
7.574036553382869897e+03 6.113180378888624753e-17
7.577552442550655542e+03 8.374080721699803218e-17
7.581068331718441186e+03 7.253503778085646924e-17
7.584584220886226831e+03 5.115124434989087854e-17
7.588100110054012475e+03 6.519290987194189093e-17
7.591615999221798120e+03 8.067843900553891439e-17
7.595131888389583764e+03 7.589266976632761535e-17
7.598647777557369409e+03 7.651499413709821041e-17
7.602163666725155053e+03 6.194261946020052610e-17
7.605679555892940698e+03 4.956300794295231222e-17
7.609195445060726342e+03 3.754605225858204695e-17
7.612711334228511987e+03 2.602553729064160676e-17
7.616227223396297632e+03 3.106315324787325082e-17
7.619743112564083276e+03 5.127334282574860585e-17
7.623259001731868921e+03 6.935683119641542545e-17
7.626774890899654565e+03 7.727434593942188981e-17
7.630290780067440210e+03 6.965988370307525310e-17
7.633806669235225854e+03 4.989148798164201994e-17
7.637322558403011499e+03 4.526368376964874749e-17
7.640838447570797143e+03 5.026872535435805331e-17
7.644354336738582788e+03 5.036651133765162203e-17
7.647870225906368432e+03 5.408488009697959373e-17
7.651386115074154077e+03 5.205389692153324446e-17
7.654902004241939721e+03 5.417966837773327028e-17
7.658417893409725366e+03 5.855911326516872128e-17
7.661933782577511010e+03 6.469229354777989815e-17
7.665449671745296655e+03 5.395874828845505786e-17
7.668965560913082300e+03 4.943597616192131866e-17
7.672481450080867944e+03 5.064237607193805676e-17
7.675997339248653589e+03 4.252849196023395385e-17
7.679513228416439233e+03 5.145456155434672315e-17
7.683029117584224878e+03 6.468846204718255253e-17
7.686545006752010522e+03 6.574541358156811002e-17
7.690060895919796167e+03 6.277206323890949886e-17
7.693576785087581811e+03 6.841313723150062851e-17
7.697092674255367456e+03 6.962545975470324630e-17
7.700608563423153100e+03 6.234498657992592046e-17
7.704124452590938745e+03 7.524593364131935535e-17
7.707640341758724389e+03 9.709318313460860660e-17
7.711156230926510034e+03 6.398253949498489829e-17
7.714672120094295678e+03 4.179365117382144576e-17
7.718188009262081323e+03 4.839330176490842642e-17
7.721703898429866967e+03 3.816015114534141470e-17
7.725219787597652612e+03 3.110851252394320865e-17
7.728735676765438257e+03 4.929193754749623484e-17
7.732251565933223901e+03 6.687252326678796511e-17
7.735767455101009546e+03 7.447519321632204586e-17
7.739283344268795190e+03 6.304480784792538357e-17
7.742799233436580835e+03 4.856799238411227523e-17
7.746315122604366479e+03 5.889815805464195626e-17
7.749831011772152124e+03 6.399991028784851187e-17
7.753346900939937768e+03 7.230514112757083136e-17
7.756862790107723413e+03 8.685664438325257767e-17
7.760378679275509057e+03 7.613766081143112088e-17
7.763894568443294702e+03 6.224205222449982170e-17
7.767410457611080346e+03 5.992621782459226160e-17
7.770926346778865991e+03 7.141549845260269946e-17
7.774442235946651635e+03 6.948233765639687124e-17
7.777958125114437280e+03 5.911341030236295533e-17
7.781474014282222925e+03 4.522296993989888747e-17
7.784989903450008569e+03 4.145868934785177252e-17
7.788505792617794214e+03 6.105463776390240068e-17
7.792021681785579858e+03 4.711395114230941170e-17
7.795537570953365503e+03 3.029709466514299147e-17
7.799053460121151147e+03 5.294492595120801524e-17
7.802569349288936792e+03 6.311556818624561977e-17
7.806085238456722436e+03 7.186921694475538577e-17
7.809601127624508081e+03 7.154214311310701821e-17
7.813117016792293725e+03 6.161574415189917126e-17
7.816632905960079370e+03 6.340333439518546746e-17
7.820148795127865014e+03 7.851604330053749072e-17
7.823664684295650659e+03 6.932383661614191029e-17
7.827180573463436303e+03 4.866926245214591731e-17
7.830696462631221948e+03 4.917338933082758513e-17
7.834212351799007592e+03 6.064489881055793374e-17
7.837728240966793237e+03 4.648894339763169463e-17
7.841244130134578882e+03 5.121155905143579511e-17
7.844760019302364526e+03 6.098833096600014998e-17
7.848275908470150171e+03 7.042714335205493945e-17
7.851791797637935815e+03 8.203165354811646427e-17
7.855307686805721460e+03 7.366974429282201133e-17
7.858823575973507104e+03 5.048135709389848440e-17
7.862339465141292749e+03 4.870768995468268076e-17
7.865855354309078393e+03 7.524844827038151655e-17
7.869371243476864038e+03 9.310472336166982030e-17
7.872887132644649682e+03 8.063703365279696004e-17
7.876403021812435327e+03 6.280484606094620045e-17
7.879918910980220971e+03 6.558689930642334822e-17
7.883434800148006616e+03 6.499425417603115580e-17
7.886950689315792260e+03 6.118009128432464307e-17
7.890466578483577905e+03 6.323593289153943593e-17
7.893982467651363550e+03 6.318787038922765481e-17
7.897498356819149194e+03 6.336000998342239008e-17
7.901014245986934839e+03 6.379461067725775082e-17
7.904530135154720483e+03 5.637193522901520889e-17
7.908046024322506128e+03 5.464594016286206135e-17
7.911561913490291772e+03 3.262214716579684250e-17
7.915077802658077417e+03 3.347165834616635171e-17
7.918593691825863061e+03 4.657751128017897241e-17
7.922109580993648706e+03 3.729501617756200390e-17
7.925625470161434350e+03 5.284848992667413306e-17
7.929141359329219995e+03 5.839763437470856943e-17
7.932657248497005639e+03 5.666522700444691081e-17
7.936173137664791284e+03 6.485372611612574703e-17
7.939689026832576928e+03 6.273845985370514466e-17
7.943204916000362573e+03 7.676250642870877756e-17
7.946720805168148217e+03 8.273707979194658670e-17
7.950236694335932953e+03 6.624863717902086994e-17
7.953752583503718597e+03 6.611353542393380903e-17
7.957268472671504242e+03 6.121880995443702519e-17
7.960784361839289886e+03 4.629380818240798519e-17
7.964300251007075531e+03 4.570904773761464823e-17
7.967816140174861175e+03 6.252352524333936595e-17
7.971332029342646820e+03 6.586313130890175649e-17
7.974847918510432464e+03 6.078572465548386160e-17
7.978363807678218109e+03 5.899487862930655668e-17
7.981879696846003753e+03 6.482994301915362238e-17
7.985395586013789398e+03 7.301671497771344789e-17
7.988911475181575042e+03 7.097488250135285310e-17
7.992427364349360687e+03 6.674937261719107034e-17
7.995943253517146331e+03 5.713509206215663223e-17
7.999459142684931976e+03 5.137125123177283242e-17
8.002975031852717620e+03 5.346729712548015264e-17
8.006490921020503265e+03 5.804122540981662129e-17
8.010006810188288910e+03 6.873269364574211416e-17
8.013522699356074554e+03 7.456450887014307157e-17
8.017038588523860199e+03 7.269732399959447284e-17
8.020554477691645843e+03 8.667451906470310225e-17
8.024070366859431488e+03 1.024206100912543294e-16
8.027586256027217132e+03 1.139058011383163051e-16
8.031102145195002777e+03 9.833303422859698915e-17
8.034618034362788421e+03 7.828469080937375951e-17
8.038133923530574066e+03 8.228151503266668203e-17
8.041649812698359710e+03 7.092936109788283488e-17
8.045165701866145355e+03 5.625362193164052424e-17
8.048681591033930999e+03 5.818259388522438393e-17
8.052197480201716644e+03 4.864314008840149269e-17
8.055713369369502288e+03 4.913610002881369464e-17
8.059229258537287933e+03 4.644771671590205173e-17
8.062745147705073578e+03 3.514350947814422828e-17
8.066261036872859222e+03 6.211435539025633550e-17
8.069776926040644867e+03 6.658125642949579300e-17
8.073292815208430511e+03 3.893866375937427243e-17
8.076808704376216156e+03 4.790979815325893069e-17
8.080324593544001800e+03 5.830662465499303511e-17
8.083840482711787445e+03 6.083921346261399058e-17
8.087356371879573089e+03 6.850124851034977702e-17
8.090872261047358734e+03 7.184900726802949020e-17
8.094388150215144378e+03 5.630081093122544936e-17
8.097904039382930023e+03 5.904175660898116186e-17
8.101419928550715667e+03 8.090456371523131046e-17
8.104935817718501312e+03 7.194812997519294461e-17
8.108451706886286956e+03 5.081141870191939350e-17
8.111967596054072601e+03 5.653527362149237995e-17
8.115483485221858245e+03 6.155042997073198420e-17
8.118999374389643890e+03 6.136503563440169921e-17
8.122515263557429535e+03 4.836718932733135245e-17
8.126031152725215179e+03 3.982472639665127483e-17
8.129547041893000824e+03 4.852678555471733361e-17
8.133062931060786468e+03 5.884319355729903268e-17
8.136578820228572113e+03 5.427571066429557722e-17
8.140094709396357757e+03 5.388523178433379498e-17
8.143610598564143402e+03 5.597967294765276232e-17
8.147126487731929046e+03 5.510166374081957620e-17
8.150642376899714691e+03 6.163297597841987593e-17
8.154158266067500335e+03 4.790145024651704553e-17
8.157674155235285980e+03 3.954601285233520747e-17
8.161190044403071624e+03 4.777539122988641433e-17
8.164705933570857269e+03 5.555016106894582781e-17
8.168221822738642913e+03 5.679788030492081475e-17
8.171737711906428558e+03 6.486457210831754233e-17
8.175253601074214203e+03 6.599825953376841909e-17
8.178769490241999847e+03 6.245844929018859416e-17
8.182285379409785492e+03 7.263434577647713553e-17
8.185801268577571136e+03 7.697072433250062569e-17
8.189317157745356781e+03 6.767708545267134279e-17
8.192833046913143335e+03 7.678219332728753962e-17
8.196348936080928979e+03 6.406803688309837923e-17
8.199864825248714624e+03 5.381936835523987270e-17
8.203380714416500268e+03 5.995328979167989709e-17
8.206896603584285913e+03 5.588633388733227868e-17
8.210412492752071557e+03 4.931379165927988583e-17
8.213928381919857202e+03 4.809912656058251787e-17
8.217444271087642846e+03 5.313667303464270747e-17
8.220960160255428491e+03 5.946986558936920644e-17
8.224476049423214135e+03 6.809802112278732751e-17
8.227991938590999780e+03 6.641429167721318947e-17
8.231507827758785425e+03 5.362499745490216226e-17
8.235023716926571069e+03 5.649473515403238117e-17
8.238539606094356714e+03 7.304509058144646695e-17
8.242055495262142358e+03 7.119977636629377027e-17
8.245571384429928003e+03 6.180719345031334441e-17
8.249087273597713647e+03 5.457647022629740787e-17
8.252603162765499292e+03 6.180498984116150315e-17
8.256119051933284936e+03 6.658520704410134626e-17
8.259634941101070581e+03 5.670086856268059567e-17
8.263150830268856225e+03 7.264015589309970799e-17
8.266666719436641870e+03 8.058651607842712153e-17
8.270182608604427514e+03 6.380303468461599086e-17
8.273698497772213159e+03 6.410601439938191383e-17
8.277214386939998803e+03 7.846257434574206301e-17
8.280730276107784448e+03 6.180627362547218544e-17
8.284246165275570092e+03 3.456633262520677748e-17
8.287762054443355737e+03 2.479528314612006445e-17
8.291277943611141382e+03 3.657129600730465871e-17
8.294793832778927026e+03 5.974930043517942004e-17
8.298309721946712671e+03 5.271303413828489946e-17
8.301825611114498315e+03 4.564412067697413598e-17
8.305341500282283960e+03 5.801027562001733720e-17
8.308857389450069604e+03 7.734940099948250133e-17
8.312373278617853430e+03 8.015314622934323970e-17
8.315889167785639074e+03 7.097616628566353540e-17
8.319405056953424719e+03 7.119980945351827239e-17
8.322920946121210363e+03 6.832612444850495043e-17
8.326436835288996008e+03 6.160384598596820851e-17
8.329952724456781652e+03 6.751050451219296387e-17
8.333468613624567297e+03 7.384776679553322373e-17
8.336984502792352941e+03 4.527199197172123010e-17
8.340500391960138586e+03 2.298965540239643693e-17
8.344016281127924231e+03 4.937958560520235365e-17
8.347532170295709875e+03 6.719191424490694015e-17
8.351048059463495520e+03 6.527868519274118968e-17
8.354563948631281164e+03 4.944446634372856293e-17
8.358079837799066809e+03 5.184181773864199880e-17
8.361595726966852453e+03 4.809861701732518521e-17
8.365111616134638098e+03 4.989802601720363907e-17
8.368627505302423742e+03 5.651211918178579560e-17
8.372143394470209387e+03 7.566792148517450752e-17
8.375659283637995031e+03 7.438960318397995898e-17
8.379175172805780676e+03 6.092662990974859454e-17
8.382691061973566320e+03 8.001912311777494794e-17
8.386206951141351965e+03 7.225728376605096339e-17
8.389722840309137609e+03 6.728567682170105094e-17
8.393238729476923254e+03 7.654591083967299237e-17
8.396754618644708899e+03 6.009542589069610894e-17
8.400270507812494543e+03 5.693627754756828692e-17
8.403786396980280188e+03 5.409261589006818965e-17
8.407302286148065832e+03 7.286244248474985801e-17
8.410818175315851477e+03 8.358167090203263050e-17
8.414334064483637121e+03 8.609489706587494470e-17
8.417849953651422766e+03 6.841418278779489554e-17
8.421365842819208410e+03 2.517600625793739628e-17
8.424881731986994055e+03 1.520104435014717363e-18
8.428397621154779699e+03 2.974998417311061811e-17
8.431913510322565344e+03 3.913763709264022792e-17
8.435429399490350988e+03 3.555727514671060336e-17
8.438945288658136633e+03 3.315462317843192769e-17
8.442461177825922277e+03 4.247323298659296139e-17
8.445977066993707922e+03 4.423447256428576833e-17
8.449492956161493566e+03 6.126712391965502243e-17
8.453008845329279211e+03 6.818222810914522573e-17
8.456524734497064856e+03 7.225807124199411387e-17
8.460040623664850500e+03 8.761989386062260694e-17
8.463556512832636145e+03 1.228463794803732545e-16
8.467072402000421789e+03 1.450978820651845210e-16
8.470588291168207434e+03 1.472289507860273365e-16
8.474104180335993078e+03 1.328571442466166099e-16
8.477620069503778723e+03 1.113384178054089191e-16
8.481135958671564367e+03 8.152734468970003479e-17
8.484651847839350012e+03 5.900933774641398360e-17
8.488167737007135656e+03 5.494207743960094568e-17
8.491683626174921301e+03 6.650812042845630451e-17
8.495199515342706945e+03 6.803473187975967026e-17
8.498715404510492590e+03 7.200165186954757572e-17
8.502231293678278234e+03 6.581597539654133349e-17
8.505747182846063879e+03 3.938552988733256947e-17
8.509263072013849524e+03 2.647909365539423269e-17
8.512778961181635168e+03 3.564968445602257740e-17
8.516294850349420813e+03 3.203511693740266003e-17
8.519810739517206457e+03 3.163375566930213016e-17
8.523326628684992102e+03 4.703370469672441738e-17
8.526842517852777746e+03 4.471596447268553511e-17
8.530358407020563391e+03 5.170432046850098433e-17
8.533874296188349035e+03 6.891897471968905600e-17
8.537390185356134680e+03 4.953622383471784519e-17
8.540906074523920324e+03 5.777770551899192794e-17
8.544421963691705969e+03 7.267928484479591641e-17
8.547937852859491613e+03 6.376186755989045178e-17
8.551453742027277258e+03 7.576839415109764848e-17
8.554969631195062902e+03 7.243422100779850622e-17
8.558485520362848547e+03 7.567366542734807575e-17
8.562001409530634191e+03 8.352417192329284444e-17
8.565517298698419836e+03 7.284861202490797139e-17
8.569033187866205481e+03 5.508158310426923890e-17
8.572549077033991125e+03 4.675691021142947305e-17
8.576064966201776770e+03 4.791955557576460620e-17
8.579580855369562414e+03 5.337480840682937351e-17
8.583096744537348059e+03 6.432838701781576937e-17
8.586612633705133703e+03 5.739311285626907304e-17
8.590128522872919348e+03 2.969124442345200251e-17
8.593644412040704992e+03 3.240367222240933683e-17
8.597160301208490637e+03 4.285798115927097625e-17
8.600676190376276281e+03 5.630705779921144983e-17
8.604192079544061926e+03 7.826105329618944419e-17
8.607707968711847570e+03 7.624481047925878987e-17
8.611223857879633215e+03 6.332474561954802941e-17
8.614739747047418859e+03 6.202150602085848325e-17
8.618255636215204504e+03 5.705735031946644847e-17
8.621771525382990149e+03 5.207113867422129977e-17
8.625287414550775793e+03 5.500482736086921836e-17
8.628803303718561438e+03 5.614565170064520264e-17
8.632319192886347082e+03 5.731744899127762249e-17
8.635835082054132727e+03 6.131210269264320586e-17
8.639350971221918371e+03 6.589916991382946680e-17
8.642866860389704016e+03 7.246801629890497272e-17
8.646382749557489660e+03 5.975079597772691591e-17
8.649898638725275305e+03 4.502983650175755635e-17
8.653414527893060949e+03 4.362148209954722165e-17
8.656930417060846594e+03 6.332490443822563959e-17
8.660446306228632238e+03 8.130884327653292742e-17
8.663962195396417883e+03 6.009222304736430362e-17
8.667478084564203527e+03 3.660417147356996624e-17
8.670993973731989172e+03 3.261827926925254455e-17
8.674509862899774816e+03 4.005795493344427630e-17
8.678025752067560461e+03 5.174095133474728261e-17
8.681541641235346106e+03 5.138499566483101352e-17
8.685057530403131750e+03 3.739167057777760008e-17
8.688573419570917395e+03 4.281956027417911322e-17
8.692089308738703039e+03 4.258421084629552579e-17
8.695605197906488684e+03 3.988568629907398276e-17
8.699121087074274328e+03 5.127749196370117184e-17
8.702636976242059973e+03 6.248715576616663443e-17
8.706152865409845617e+03 5.961918161610237858e-17
8.709668754577631262e+03 6.324745386311107450e-17
8.713184643745416906e+03 8.001771360201115758e-17
8.716700532913202551e+03 7.459590202875068408e-17
8.720216422080988195e+03 5.836819997979148249e-17
8.723732311248773840e+03 5.168001790210417638e-17
8.727248200416559484e+03 6.241822846008381574e-17
8.730764089584345129e+03 7.124726315089921448e-17
8.734279978752130774e+03 6.129622082488218773e-17
8.737795867919916418e+03 6.206479072795215808e-17
8.741311757087702063e+03 7.285079578172511138e-17
8.744827646255487707e+03 5.807846838971620880e-17
8.748343535423273352e+03 4.574270075365575560e-17
8.751859424591058996e+03 5.086472883803721103e-17
8.755375313758844641e+03 7.603753887008770241e-17
8.758891202926630285e+03 7.950349842857879303e-17
8.762407092094415930e+03 4.587042074895639329e-17
8.765922981262201574e+03 2.920020685078337380e-17
8.769438870429987219e+03 5.760514737140724084e-18
8.772954759597772863e+03 7.262715261387037440e-18
8.776470648765558508e+03 -9.674042699930169263e-18
8.779986537933344152e+03 -2.613461098057407410e-17
8.783502427101129797e+03 1.468281156047963903e-17
8.787018316268915441e+03 3.606061785817157091e-17
8.790534205436701086e+03 2.837513389443113124e-17
8.794050094604486731e+03 5.177866746195725046e-17
8.797565983772272375e+03 6.851357681019926735e-17
8.801081872940058020e+03 4.624002159025733711e-17
8.804597762107843664e+03 4.112123274515463935e-17
8.808113651275629309e+03 5.439841132763924313e-17
8.811629540443414953e+03 5.830621437340920881e-17
8.815145429611200598e+03 5.733520359594546068e-17
8.818661318778986242e+03 1.754058657359111606e-17
8.822177207946771887e+03 1.182961581923925557e-17
8.825693097114557531e+03 3.110545857312166287e-17
8.829208986282343176e+03 3.846824283629291538e-17
8.832724875450128820e+03 8.269773246456866428e-17
8.836240764617914465e+03 6.820484653581487572e-17
8.839756653785700109e+03 2.866162955395009748e-17
8.843272542953485754e+03 3.759379712353860771e-17
8.846788432121271399e+03 5.229205214605461176e-17
8.850304321289057043e+03 6.323902985575283447e-17
8.853820210456842688e+03 5.587933924807253028e-17
8.857336099624628332e+03 3.348309659967673498e-17
8.860851988792413977e+03 2.410502574036293944e-17
8.864367877960199621e+03 3.839912693303043460e-17
8.867883767127985266e+03 4.705779881360686197e-17
8.871399656295770910e+03 3.401895081793348673e-17
8.874915545463556555e+03 3.768949861168854280e-17
8.878431434631342199e+03 6.400917471070910578e-17
8.881947323799127844e+03 8.714112172207691452e-17
8.885463212966913488e+03 9.468866835559046151e-17
8.888979102134699133e+03 8.634030501000717695e-17
8.892494991302484777e+03 6.967135835253258870e-17
8.896010880470270422e+03 2.683085717396608302e-17
8.899526769638056066e+03 2.701809446870113616e-17
8.903042658805841711e+03 6.760739714042497532e-17
8.906558547973627356e+03 7.642597626829770378e-17
8.910074437141413000e+03 6.924370597584267339e-17
8.913590326309198645e+03 4.449473998094190317e-17
8.917106215476984289e+03 6.957555098526424682e-18
8.920622104644769934e+03 1.809707563940861564e-17
8.924137993812555578e+03 5.106651789410829702e-17
8.927653882980341223e+03 6.835964842437049953e-17
8.931169772148126867e+03 7.420949618612511295e-17
8.934685661315912512e+03 2.801816575544509725e-17
8.938201550483698156e+03 -7.217873076597501826e-19
8.941717439651483801e+03 2.730024577564297390e-17
8.945233328819269445e+03 4.556028757625311173e-17
8.948749217987055090e+03 7.951904280664988953e-17
8.952265107154840734e+03 1.097131402506402282e-16
8.955780996322626379e+03 1.030005960495520103e-16
8.959296885490412024e+03 8.896394324201306928e-17
8.962812774658197668e+03 5.641318838052445349e-17
8.966328663825983313e+03 4.951948169911977191e-17
8.969844552993768957e+03 6.673521128510416251e-17
8.973360442161554602e+03 5.330010076262603426e-17
8.976876331329340246e+03 5.900215120125212290e-17
8.980392220497125891e+03 7.385521803849110140e-17
8.983908109664911535e+03 4.623641508278660591e-17
8.987423998832697180e+03 3.366682003116966285e-17
8.990939888000482824e+03 6.240754128656963062e-17
8.994455777168268469e+03 8.643132796461251211e-17
8.997971666336054113e+03 6.102035939931820321e-17
9.001487555503839758e+03 4.709191174206854883e-17
9.005003444671625402e+03 7.226698494027498530e-17
9.008519333839411047e+03 8.640426261496977705e-17
9.012035223007196691e+03 7.375373952094309597e-17
9.015551112174982336e+03 5.021215612662677686e-17
9.019067001342767981e+03 5.192326855919887033e-17
9.022582890510553625e+03 5.714621598703424534e-17
9.026098779678339270e+03 4.936059353833813614e-17
9.029614668846124914e+03 4.984618826257616593e-17
9.033130558013910559e+03 6.485852376367855459e-17
9.036646447181696203e+03 6.314819218960471118e-17
9.040162336349481848e+03 5.636012970731285208e-17
9.043678225517267492e+03 6.165890974498463846e-17
9.047194114685053137e+03 5.153955932537022206e-17
9.050710003852838781e+03 2.804194885241722190e-17
9.054225893020624426e+03 3.464857753915169991e-17
9.057741782188410070e+03 5.622654996455288875e-17
9.061257671356195715e+03 7.069867035120914610e-17
9.064773560523981359e+03 7.310367482114992258e-17
9.068289449691767004e+03 6.630380019971080625e-17
9.071805338859552649e+03 6.659373031313309266e-17
9.075321228027338293e+03 6.150858786662660184e-17
9.078837117195123938e+03 3.259326201880649078e-17
9.082353006362909582e+03 2.236270378327922024e-17
9.085868895530695227e+03 3.852042138933276037e-17
9.089384784698480871e+03 6.229699025206314358e-17
9.092900673866266516e+03 5.708144443634889306e-17
9.096416563034052160e+03 3.199733794446613815e-17
9.099932452201837805e+03 4.371122788728677494e-17
9.103448341369623449e+03 4.535423026822125211e-17
9.106964230537409094e+03 3.138658086738148464e-17
9.110480119705194738e+03 2.500551937060654196e-17
9.113996008872980383e+03 3.280734297878011476e-17
9.117511898040766027e+03 3.359328036599124848e-17
9.121027787208551672e+03 2.450281689693969045e-17
9.124543676376337316e+03 3.481806684666381528e-17
9.128059565544122961e+03 4.070780456627818590e-17
9.131575454711908606e+03 2.907663930215775231e-17
9.135091343879694250e+03 4.295855308686762357e-17
9.138607233047479895e+03 5.461307131404165424e-17
9.142123122215265539e+03 4.788669334438909952e-17
9.145639011383051184e+03 5.100029712298975184e-17
9.149154900550836828e+03 5.292277074568139494e-17
9.152670789718622473e+03 4.276361308626847664e-17
9.156186678886408117e+03 4.628537424888239452e-17
9.159702568054193762e+03 7.173967384338468122e-17
9.163218457221979406e+03 9.217875091419835943e-17
9.166734346389765051e+03 7.098392854853173301e-17
9.170250235557550695e+03 5.667979200067274452e-17
9.173766124725336340e+03 4.778572767882087696e-17
9.177282013893121984e+03 4.698743221325820101e-17
9.180797903060907629e+03 6.279932049445434623e-17
9.184313792228693274e+03 5.923400000078338592e-17
9.187829681396478918e+03 5.230170368944188049e-17
9.191345570564264563e+03 3.517483646230283654e-17
9.194861459732050207e+03 2.685679755797574597e-17
9.198377348899835852e+03 3.666848642055718925e-17
9.201893238067621496e+03 4.807107190292716939e-17
9.205409127235407141e+03 5.733018757271093912e-17
9.208925016403192785e+03 5.195647489770919907e-17
9.212440905570976611e+03 4.384081731077178246e-17
9.215956794738762255e+03 3.554167121163540304e-17
9.219472683906547900e+03 3.760869960945436305e-17
9.222988573074333544e+03 5.463975616060261491e-17
9.226504462242119189e+03 4.338525255149187779e-17
9.230020351409904833e+03 5.257207594446096312e-17
9.233536240577690478e+03 6.205800122948432283e-17
9.237052129745476122e+03 6.237554594047607951e-17
9.240568018913261767e+03 7.764581620890720348e-17
9.244083908081047412e+03 7.142555696885134428e-17
9.247599797248833056e+03 6.314528051384852452e-17
9.251115686416618701e+03 5.215341998411317454e-17
9.254631575584404345e+03 5.687697200637068505e-17
9.258147464752189990e+03 5.588726694706323849e-17
9.261663353919975634e+03 6.858490624878094003e-17
9.265179243087761279e+03 7.627460221620049972e-17
9.268695132255546923e+03 6.260875131621192950e-17
9.272211021423332568e+03 5.230136619975195886e-17
9.275726910591118212e+03 3.557401066486377621e-17
9.279242799758903857e+03 3.014636250520112855e-17
9.282758688926689501e+03 3.321089792986513527e-17
9.286274578094475146e+03 2.368702821578274307e-17
9.289790467262260790e+03 2.450063975756745088e-17
9.293306356430046435e+03 3.937089209921283109e-17
9.296822245597832080e+03 8.264856484895851231e-17
9.300338134765617724e+03 1.415508521892183333e-16
9.303854023933403369e+03 2.027305993664081543e-16
9.307369913101189013e+03 2.383617682115993447e-16
9.310885802268974658e+03 2.192743307314769154e-16
9.314401691436760302e+03 1.086603510890970375e-16
9.317917580604545947e+03 2.235578359027460161e-17
9.321433469772331591e+03 7.655892073634722639e-17
9.324949358940117236e+03 1.607256531769161632e-16
9.328465248107902880e+03 1.398512541107729780e-16
9.331981137275688525e+03 1.590827930710470451e-16
9.335497026443474169e+03 1.745575953264604809e-16
9.339012915611259814e+03 1.154724679836019387e-16
9.342528804779045458e+03 1.518709825045565210e-16
9.346044693946831103e+03 2.310425300445953338e-16
9.349560583114616747e+03 1.893309087177595467e-16
9.353076472282402392e+03 7.821412237695563562e-17
9.356592361450188037e+03 1.355698069648679093e-16
9.360108250617973681e+03 1.603995057875538550e-16
9.363624139785759326e+03 1.170454743411021787e-16
9.367140028953544970e+03 2.940327638244269188e-17
9.370655918121330615e+03 -2.125939539300496597e-16
9.374171807289116259e+03 -4.371843296129435683e-16
9.377687696456901904e+03 -4.730855299147414695e-16
9.381203585624687548e+03 -3.031936170548842893e-16
9.384719474792473193e+03 -1.454792718845755706e-16
9.388235363960258837e+03 -4.036566281259155238e-17
9.391751253128044482e+03 4.806877234082427197e-17
9.395267142295830126e+03 8.472460951545430032e-17
9.398783031463615771e+03 9.657463353476646419e-17
9.402298920631401415e+03 1.213522530660860713e-16
9.405814809799187060e+03 7.236098574508551136e-17
9.409330698966972705e+03 3.106316317404060146e-17
9.412846588134758349e+03 -1.659717736560219050e-18
9.416362477302543994e+03 -1.300460768139735521e-17
9.419878366470329638e+03 6.604414489670796065e-17
9.423394255638115283e+03 7.501972290484325376e-17
9.426910144805900927e+03 6.888830948002049015e-17
9.430426033973686572e+03 5.835309235308381399e-17
9.433941923141472216e+03 2.401367098293439394e-19
9.437457812309257861e+03 1.258564301724496184e-16
9.440973701477043505e+03 1.256397882612995303e-16
9.444489590644829150e+03 -2.816570044872913644e-18
9.448005479812614794e+03 -6.840710212175144162e-17
9.451521368980400439e+03 -3.630831874696180015e-17
9.455037258148186083e+03 2.038771742658026072e-17
9.458553147315971728e+03 6.408748886238317623e-18
9.462069036483757372e+03 -3.306165469502586780e-17
9.465584925651543017e+03 -2.576744866771893660e-17
9.469100814819328662e+03 2.492906472094949072e-17
9.472616703987114306e+03 3.360757404697616480e-17
9.476132593154899951e+03 3.609436351844128423e-17
9.479648482322685595e+03 1.955412450991872198e-17
9.483164371490471240e+03 3.889647754813406802e-17
9.486680260658256884e+03 -5.600303914559616025e-18
9.490196149826042529e+03 -1.938604471817039697e-17
9.493712038993828173e+03 2.654932749325457888e-18
9.497227928161613818e+03 7.752024853756042877e-18
9.500743817329399462e+03 9.037352518025243268e-17
9.504259706497185107e+03 1.233632416317657888e-16
9.507775595664970751e+03 9.406337275205957599e-17
9.511291484832756396e+03 1.214103542323117959e-16
9.514807374000542040e+03 9.506780162627046643e-17
9.518323263168327685e+03 5.778766477356706639e-17
9.521839152336113330e+03 9.008781037923171650e-17
9.525355041503898974e+03 1.093637391598978293e-16
9.528870930671684619e+03 1.190999395197776833e-16
9.532386819839470263e+03 1.284830528721056021e-16
9.535902709007255908e+03 1.252368652762025003e-16
9.539418598175041552e+03 9.272280414668673679e-17
9.542934487342827197e+03 7.879916406315724061e-17
9.546450376510612841e+03 2.329079546748004197e-17
9.549966265678398486e+03 3.012824849055713607e-18
9.553482154846184130e+03 -1.015490264234194552e-17
9.556998044013969775e+03 -5.095213866772691457e-17
9.560513933181755419e+03 -2.591859938105075135e-17
9.564029822349541064e+03 -4.942284053379397658e-17
9.567545711517326708e+03 -5.050799230962269189e-17
9.571061600685112353e+03 5.198032334194971541e-18
9.574577489852897997e+03 -8.377605110815223217e-19
9.578093379020683642e+03 1.271930088721378081e-18
9.581609268188469287e+03 6.504332087560657630e-18
9.585125157356254931e+03 4.712988925835208344e-17
9.588641046524040576e+03 4.411534532118833150e-17
9.592156935691826220e+03 3.832339358486752960e-17
9.595672824859611865e+03 4.076198820512285943e-17
9.599188714027397509e+03 3.173929729801899607e-17
9.602704603195183154e+03 4.890963452070892672e-17
9.606220492362968798e+03 1.491552724529285762e-17
9.609736381530754443e+03 1.263625919154381667e-17
9.613252270698540087e+03 2.817580321914055284e-17
9.616768159866325732e+03 7.441189073840458776e-17
9.620284049034111376e+03 1.219535670492978194e-16
9.623799938201897021e+03 1.102834845917179910e-16
9.627315827369682665e+03 8.768465879386305880e-17
9.630831716537468310e+03 7.700651809196702030e-17
9.634347605705253955e+03 8.373858375551148964e-17
9.637863494873039599e+03 1.152406985934094808e-16
9.641379384040825244e+03 1.040634503447887462e-16
9.644895273208610888e+03 5.122894638791165975e-17
9.648411162376396533e+03 3.239458647056105438e-17
9.651927051544182177e+03 3.867328767525501010e-17
9.655442940711967822e+03 5.180260606888453508e-17
9.658958829879753466e+03 5.601338221197552330e-17
9.662474719047539111e+03 -3.376432353228404471e-18
9.665990608215324755e+03 3.000001109378334647e-17
9.669506497383110400e+03 3.970690940764412199e-17
9.673022386550896044e+03 4.004333038021433877e-17
9.676538275718681689e+03 6.410101822848209355e-17
9.680054164886467333e+03 8.777941398739223322e-17
9.683570054054252978e+03 8.869832562115494146e-17
9.687085943222038622e+03 8.812015284275997681e-17
9.690601832389824267e+03 4.005024230141283187e-17
9.694117721557609912e+03 3.739485439595531668e-18
9.697633610725395556e+03 7.070473193073793469e-17
9.701149499893181201e+03 1.156653135628901014e-16
9.704665389060966845e+03 8.681312806558738799e-17
9.708181278228752490e+03 5.476888567166704296e-17
9.711697167396538134e+03 6.387380825782602791e-17
9.715213056564323779e+03 6.067747649180272218e-17
9.718728945732109423e+03 1.138037601379517636e-16
9.722244834899895068e+03 1.133095958225676845e-16
9.725760724067680712e+03 8.070354559149112389e-17
9.729276613235466357e+03 8.270383374876685541e-17
9.732792502403252001e+03 8.459377601232801304e-17
9.736308391571037646e+03 5.649587335455525413e-17
9.739824280738823290e+03 3.220921860401037109e-17
9.743340169906608935e+03 1.538718397620936890e-17
9.746856059074394580e+03 2.563290608672596154e-17
9.750371948242180224e+03 4.088263415182494362e-17
9.753887837409965869e+03 2.587815521218058361e-17
9.757403726577751513e+03 1.945904175286697655e-17
9.760919615745537158e+03 4.092359613575856955e-17
9.764435504913322802e+03 3.712913999496552015e-17
9.767951394081108447e+03 3.054579147939073455e-17
9.771467283248894091e+03 2.157899151191585417e-17
9.774983172416679736e+03 3.787581939030488717e-17
9.778499061584465380e+03 4.833176945350183180e-17
9.782014950752251025e+03 4.749301492981796216e-17
9.785530839920036669e+03 7.727825023191314010e-17
9.789046729087822314e+03 1.338283072253130678e-16
9.792562618255607958e+03 4.883409307844813402e-17
9.796078507423393603e+03 1.162140585638128795e-16
9.799594396591179247e+03 1.310940981064659871e-16
9.803110285758964892e+03 8.688042086277980190e-17
9.806626174926750537e+03 4.608111688586345029e-17
9.810142064094536181e+03 7.847617981245733521e-17
9.813657953262321826e+03 4.560850889724250303e-17
9.817173842430107470e+03 3.616089861819259956e-17
9.820689731597893115e+03 6.141461353159567748e-17
9.824205620765678759e+03 7.628675184503767859e-17
9.827721509933464404e+03 9.625015374151906292e-17
9.831237399101250048e+03 9.694495236883910404e-17
9.834753288269035693e+03 6.789384647782963859e-17
9.838269177436821337e+03 4.609160553603062268e-17
9.841785066604606982e+03 1.190554934511039840e-17
9.845300955772392626e+03 3.925477910226753749e-17
9.848816844940178271e+03 6.377099963385303720e-17
9.852332734107963915e+03 4.155505588921420024e-17
9.855848623275749560e+03 2.013496080988610737e-17
9.859364512443535205e+03 6.097227704467172082e-17
9.862880401611320849e+03 8.582578543410939289e-17
9.866396290779106494e+03 1.559522387073339561e-16
9.869912179946892138e+03 1.919463876402032160e-16
9.873428069114677783e+03 1.643579686827590183e-16
9.876943958282463427e+03 1.503354970596416863e-16
9.880459847450249072e+03 1.870846170463105447e-16
9.883975736618034716e+03 1.309000216824263456e-16
9.887491625785820361e+03 7.202829370271668363e-17
9.891007514953606005e+03 1.164493881393617656e-16
9.894523404121391650e+03 1.413126638774724639e-16
9.898039293289177294e+03 1.181866791839599373e-16
9.901555182456962939e+03 8.123008244732807834e-17
9.905071071624748583e+03 1.147475798343196686e-16
9.908586960792534228e+03 1.043080774304227284e-16
9.912102849960319872e+03 1.568868469204004706e-16
9.915618739128105517e+03 2.005666154746306288e-16
9.919134628295891162e+03 1.271714488230619197e-16
9.922650517463676806e+03 1.526383017105403112e-16
9.926166406631462451e+03 1.828052874827736118e-16
9.929682295799248095e+03 4.879297558455934812e-17
9.933198184967033740e+03 -1.227830372977863939e-16
9.936714074134819384e+03 -1.011423645819536856e-16
9.940229963302605029e+03 2.342428752909507468e-17
9.943745852470390673e+03 6.681108029088752621e-17
9.947261741638176318e+03 8.713897105248427665e-17
9.950777630805961962e+03 1.284859645478617887e-16
9.954293519973747607e+03 1.319698110599187260e-16
9.957809409141533251e+03 2.451231458473302432e-17
9.961325298309318896e+03 -1.816456729082028729e-16
9.964841187477104540e+03 -1.772298783959293917e-16
9.968357076644890185e+03 4.051879296912920653e-18
9.971872965812675830e+03 -1.269699492802052273e-17
9.975388854980461474e+03 -7.179965767268457657e-18
9.978904744148247119e+03 7.369890075505328045e-17
9.982420633316032763e+03 3.786619431669722014e-17
9.985936522483818408e+03 -1.090926633877677703e-19
9.989452411651604052e+03 -7.811314678522006242e-18
9.992968300819389697e+03 6.761396826321109657e-17
9.996484189987175341e+03 1.312901465290859551e-16
1.000000007915496099e+04 6.669244935615762119e-17
