-22.91307
2500 1.120E-04
2750 1.200E-05
2810 1.580E-05
2850 1.650E-05
2890 1.240E-05
2930 1.650E-05
2950 2.030E-03
2960 1.022E-02
2970 3.815E-02
2980 4.331E-02
2990 9.320E-02
3000 1.541E-01
3010 1.362E-01
3020 1.016E-01
3030 2.905E-01
3040 3.007E-01
3050 1.993E-01
3060 2.397E-01
3070 3.925E-01
3080 4.899E-01
3090 4.517E-01
3100 3.913E-01
3110 4.119E-01
3120 5.519E-01
3130 6.063E-01
3140 5.312E-01
3150 5.216E-01
3160 5.799E-01
3170 6.518E-01
3180 7.039E-01
3190 6.861E-01
3200 6.678E-01
3210 6.882E-01
3220 7.309E-01
3230 7.375E-01
3240 7.251E-01
3250 7.264E-01
3260 7.347E-01
3270 7.510E-01
3280 7.418E-01
3290 7.392E-01
3300 7.297E-01
3310 7.344E-01
3320 7.396E-01
3330 7.415E-01
3340 7.310E-01
3350 7.276E-01
3360 7.253E-01
3370 7.270E-01
3380 7.264E-01
3390 7.253E-01
3400 7.272E-01
3410 7.152E-01
3420 6.991E-01
3430 6.981E-01
3440 7.036E-01
3450 7.083E-01
3460 7.127E-01
3470 7.067E-01
3480 6.985E-01
3490 6.800E-01
3500 6.690E-01
3510 6.707E-01
3520 6.754E-01
3530 6.765E-01
3540 6.637E-01
3550 6.602E-01
3560 6.547E-01
3570 6.325E-01
3580 5.927E-01
3590 5.595E-01
3600 5.443E-01
3610 5.180E-01
3620 4.706E-01
3630 4.372E-01
3640 4.357E-01
3650 4.208E-01
3660 3.575E-01
3670 2.627E-01
3680 1.665E-01
3690 7.657E-02
3700 2.939E-02
3710 1.201E-02
3720 5.910E-03
3730 3.180E-03
3740 1.560E-03
3750 6.670E-04
3760 2.780E-04
3770 1.240E-04
3780 6.660E-05
3820 9.140E-06
3860 9.670E-07
3900 4.580E-07
3940 2.670E-07
3980 3.780E-07
4000 5.950E-07
4500 1.050E-07
5000 7.450E-08
5500 2.980E-08
6000 1.010E-08
6500 3.720E-08
7000 1.110E-07
7500 3.600E-08
8000 5.580E-08
8500 3.520E-08
9000 1.440E-07
9500 3.570E-07
10000 5.450E-06
10500 3.160E-05
