-25.7928
2500 0.000132
2750 1.01E-05
3000 5.84E-06
3250 4.92E-06
3440 3.18E-06
3480 3.28E-06
3520 0.000131
3560 0.00382
3580 0.00652
3590 0.01061
3600 0.01955
3610 0.03262
3620 0.04522
3630 0.05882
3640 0.08303
3650 0.11931
3660 0.14768
3670 0.15955
3680 0.18248
3690 0.22099
3700 0.2618
3710 0.28381
3720 0.30918
3730 0.33317
3740 0.39204
3750 0.43605
3760 0.47048
3770 0.48495
3780 0.51157
3790 0.53558
3800 0.55806
3810 0.55363
3820 0.59849
3830 0.60981
3840 0.64933
3850 0.66136
3860 0.68255
3870 0.68831
3880 0.70161
3890 0.70079
3900 0.72551
3910 0.7264
3920 0.75285
3930 0.76677
3940 0.77647
3950 0.78093
3960 0.78421
3970 0.77796
3980 0.77638
3990 0.77112
4000 0.77088
4010 0.76254
4020 0.7845
4030 0.77658
4040 0.79926
4050 0.78492
4060 0.81065
4070 0.80278
4080 0.8106
4090 0.78355
4100 0.80412
4110 0.77895
4120 0.78942
4130 0.7798
4140 0.80649
4150 0.79035
4160 0.80276
4170 0.78856
4180 0.80744
4190 0.79315
4200 0.80816
4210 0.80023
4220 0.83461
4230 0.81465
4240 0.8569
4250 0.82309
4260 0.8571
4270 0.81859
4280 0.84768
4290 0.82167
4300 0.8222
4310 0.79263
4320 0.82476
4330 0.82073
4340 0.84047
4350 0.81848
4360 0.85265
4370 0.84661
4380 0.86339
4390 0.84884
4400 0.8737
4410 0.87178
4420 0.87848
4430 0.85016
4440 0.86126
4450 0.8386
4460 0.85785
4470 0.84609
4480 0.86365
4490 0.85775
4500 0.87328
4510 0.84984
4520 0.8643
4530 0.84572
4540 0.88572
4550 0.90237
4560 0.91074
4570 0.92799
4580 0.82378
4590 0.92487
4600 0.866
4610 0.89532
4620 0.87746
4630 0.89456
4640 0.86379
4650 0.89393
4660 0.84589
4670 0.87765
4680 0.84404
4690 0.86913
4700 0.86228
4710 0.82983
4720 0.86537
4730 0.83906
4740 0.86491
4750 0.85699
4760 0.88475
4770 0.82396
4780 0.78904
4790 0.57458
4800 0.43263
4810 0.23541
4820 0.11937
4830 0.05672
4840 0.02943
4850 0.01486
4860 0.00891
4870 0.00533
4880 0.00371
4900 0.00151
4940 0.000218
4980 5.05E-05
5020 3.79E-05
5060 2.37E-05
5100 8.11E-06
5140 6.58E-06
5180 1.27E-05
5220 1.23E-05
5260 6.60E-06
5300 3.21E-06
5340 7.88E-06
5380 9.48E-06
5420 2.12E-06
5460 1.90E-06
5500 5.02E-06
5540 5.16E-06
5580 9.43E-07
5620 1.86E-06
5660 3.78E-06
5700 9.89E-07
5740 5.72E-07
5780 2.51E-07
5820 2.92E-07
6000 4.75E-07
6500 3.97E-07
7000 4.49E-07
7490 1.58E-06
8000 2.59E-07
8500 5.10E-07
9000 2.69E-07
9500 1.56E-06
10000 9.11E-06
10500 1.44E-05
0 
