-22.23794
1960 0.00124
1980 0.00139
2000 0.00168
2020 0.00201
2040 0.00257
2060 0.00321
2080 0.00388
2100 0.00495
2120 0.0061
2140 0.00762
2160 0.00953
2180 0.01171
2200 0.01458
2220 0.01822
2240 0.02265
2260 0.02871
2280 0.03632
2300 0.04698
2320 0.06009
2340 0.07841
2360 0.10334
2380 0.13709
2400 0.17963
2420 0.23614
2440 0.2995
2460 0.36194
2480 0.41832
2500 0.45712
2520 0.47669
2540 0.48071
2560 0.47439
2580 0.45948
2600 0.44501
2620 0.43409
2640 0.41766
2660 0.41024
2680 0.3999
2700 0.3939
2720 0.3869
2740 0.3812
2760 0.37354
2780 0.36454
2800 0.35841
2820 0.34658
2840 0.33544
2860 0.32363
2880 0.30797
2900 0.29311
2920 0.27923
2940 0.26536
2960 0.24859
2980 0.23309
3000 0.21571
3020 0.20466
3040 0.18724
3060 0.17236
3080 0.15433
3100 0.13919
3120 0.12372
3140 0.10902
3160 0.09638
3180 0.0833
3200 0.07214
3240 0.05345
3280 0.0415
3320 0.03493
3360 0.01733
3400 0.01212
3440 0.00838
3480 0.00615
3520 0.00401
3560 0.00367
3600 0.0022
3640 0.00205
3680 0.00125
3720 0.00124
3760 0.000876
3800 0.000783
3840 0.000636
3880 0.00052
3920 0.00042
3960 0.00035
4000 0.000294
4100 0.000227
4200 0.000133
4300 0.000104
4400 6.76E-05
4500 5.48E-05
4600 4.57E-05
4700 3.54E-05
4800 2.77E-05
4900 2.24E-05
5000 1.70E-05
5100 1.51E-05
5200 1.08E-05
5300 9.00E-06
5400 6.39E-06
5500 6.89E-06
5600 6.40E-06
5700 4.79E-06
5800 4.87E-06
5900 3.83E-06
6000 4.46E-06
6100 3.33E-06
6200 3.01E-06
6300 3.28E-06
6400 2.83E-06
6500 2.96E-06
6600 2.57E-06
6700 2.74E-06
6800 2.47E-06
6900 2.60E-06
7000 2.86E-06
7100 2.64E-06
7200 2.40E-06
7300 2.71E-06
7400 2.53E-06
7500 2.96E-06
7600 3.16E-06
7700 3.38E-06
7800 3.63E-06
7900 3.94E-06
8000 4.94E-06
8100 5.38E-06
8200 5.35E-06
8300 6.79E-06
8400 7.30E-06
8500 1.08E-05
8600 7.94E-06
8700 6.15E-06
8800 1.22E-05
8900 6.18E-06
9000 8.17E-06
9100 7.00E-06
9200 6.15E-06
9300 8.06E-06
9400 6.79E-06
9500 6.93E-06
9600 7.95E-06
9700 8.74E-06
9800 8.73E-06
9900 8.88E-06
10000 1.19E-05
10100 7.17E-06
10200 6.37E-06
10300 7.18E-06
10400 7.21E-06
10500 8.70E-06
