-21.87986
1900 0.05464
1920 0.07434
1940 0.10042
1960 0.13475
1980 0.16255
2000 0.19047
2020 0.23404
2040 0.2576
2060 0.28343
2080 0.31009
2100 0.32406
2120 0.33266
2140 0.34506
2160 0.35014
2180 0.36013
2200 0.36148
2220 0.36086
2240 0.35755
2260 0.35546
2280 0.347695
2300 0.33664
2320 0.31716
2340 0.30295
2360 0.29647
2380 0.27188
2400 0.25509
2420 0.23007
2440 0.20926
2460 0.1893
2480 0.1686
2500 0.14549
2520 0.12783
2540 0.10725
2560 0.09476
2580 0.08111
2600 0.068565
2620 0.05831
2640 0.04895
2660 0.04227
2680 0.03594
2700 0.030245
2720 0.02623
2740 0.02233
2760 0.0196
2780 0.01731
2800 0.013895
2820 0.01306
2840 0.01172
2860 0.01018
2880 0.00949
2900 0.00674
3000 0.00336
3100 0.00191
3200 0.00115
3300 0.000727
3400 0.000489
3500 0.000343
3600 2.44E-04
3700 0.000184
3800 1.37E-04
3900 0.000109
4000 0.0000866
4100 0.0000691
4200 0.0000581
4300 0.0000516
4400 0.0000413
4500 0.0000284
4600 0.0000248
4700 0.0000215
4800 0.0000185
4900 0.000016
5000 0.0000143
5100 0.0000127
5200 0.0000112
5300 0.00000999
5400 0.00000921
5500 0.0000085
5600 0.00000784
5700 0.0000072
5800 0.00000674
5900 0.00000636
6000 0.00000595
6100 0.00000562
6200 0.00000537
6300 0.00000522
6400 0.00000514
6500 0.00000497
6600 0.00000489
6700 0.00000468
6800 0.0000048
6900 0.00000481
7000 0.00000486
7100 0.00000503
7200 0.00000522
7300 0.00000542
7400 0.00000575
7500 0.00000619
7600 0.00000668
7700 0.00000737
7800 0.00000807
7900 0.00000916
8000 0.0000101
8100 0.0000112
8200 0.0000126
8300 0.0000138
8400 0.0000151
8500 0.0000159
8600 0.0000169
8700 0.0000176
8800 0.0000181
8900 0.0000184
9000 0.0000185
9100 0.0000183
9200 0.0000177
9300 0.0000172
9400 0.0000164
9500 0.0000243
9600 0.0000255
9700 0.0000264
9800 0.0000244
9900 0.0000271
10000 0.0000257
10100 0.0000259
10200 0.0000235
10300 0.0000226
10400 0.0000266
10500 0.0000256
10800 0.000031
