-25.53561
4000 4.75E-07
4500 1.76E-07
5000 9.05E-07
5500 4.81E-07
6000 4.30E-07
6500 5.19E-07
6880 0.00752
6890 0.0118
6900 0.017
6910 0.0252
6920 0.0354
6930 0.0487
6940 0.0656
6950 0.0854
6960 0.11
6970 0.136
6980 0.166
6990 0.2
7000 0.206
7010 0.249
7020 0.283
7030 0.329
7040 0.369
7050 0.409
7060 0.446
7070 0.488
7080 0.527
7090 0.562
7100 0.587
7110 0.622
7120 0.64
7130 0.669
7140 0.685
7150 0.717
7160 0.723
7170 0.74
7180 0.766
7190 0.782
7200 0.811
7210 0.822
7220 0.836
7230 0.847
7240 0.868
7250 0.871
7260 0.901
7270 0.896
7280 0.898
7290 0.903
7300 0.906
7310 0.904
7320 0.918
7330 0.908
7340 0.927
7350 0.923
7360 0.92
7370 0.933
7380 0.913
7390 0.954
7400 0.939
7410 0.938
7420 0.937
7430 0.947
7440 0.959
7450 0.954
7460 0.981
7470 0.934
7480 0.944
7490 0.973
7500 0.952
7510 0.929
7520 0.959
7530 0.938
7540 0.935
7550 0.931
7560 0.91
7570 0.921
7580 0.94
7590 0.926
7600 0.915
7610 0.947
7620 0.903
7630 0.952
7640 0.958
7650 0.965
7660 0.984
7670 0.975
7680 0.972
7690 0.974
7700 0.95
7710 0.962
7720 0.943
7730 0.956
7740 0.93
7750 0.936
7760 0.944
7770 0.926
7780 0.919
7790 0.907
7800 0.923
7810 0.923
7820 0.927
7830 0.934
7840 0.94
7850 0.947
7860 0.949
7870 0.969
7880 0.961
7890 0.963
7900 0.969
7910 0.969
7920 0.98
7930 0.964
7940 0.964
7950 0.978
7960 0.944
7970 0.967
7980 0.961
7990 0.978
8000 0.958
8010 0.964
8020 0.959
8030 0.945
8040 0.971
8050 0.956
8060 0.967
8070 0.955
8080 0.956
8090 0.967
8100 0.95
8110 0.967
8120 0.971
8130 0.986
8140 0.96
8150 0.946
8160 0.97
8170 0.962
8180 0.949
8190 0.959
8200 0.95
8210 0.969
8220 0.955
8230 0.949
8240 0.956
8250 0.958
8260 0.962
8270 0.952
8280 0.967
8290 0.962
8300 0.955
8310 0.946
8320 0.954
8330 0.955
8340 0.951
8350 0.953
8360 0.953
8370 0.951
8380 0.956
8390 0.943
8400 0.961
8410 0.948
8420 0.956
8430 0.962
8440 0.962
8450 0.965
8460 0.942
8470 0.959
8480 0.962
8490 0.958
8500 0.947
8510 0.956
8520 0.951
8530 0.981
8540 0.947
8550 0.963
8560 0.981
8570 0.991
8580 0.951
8590 0.983
8600 0.961
8610 0.963
8620 0.961
8630 0.974
8640 0.975
8650 0.959
8660 0.97
8670 0.97
8680 0.956
8690 0.964
8700 0.959
8710 0.95
8720 0.966
8730 0.952
8740 0.954
8750 0.956
8760 0.944
8770 0.959
8780 0.96
8790 0.959
8800 0.957
8810 0.966
8820 0.965
8830 0.967
8840 0.968
8850 0.975
8860 0.97
8870 0.969
8880 0.962
8890 0.964
8900 0.961
8910 0.968
8920 0.942
8930 0.942
8940 0.954
8950 0.948
8960 0.94
8970 0.926
8980 0.937
8990 0.935
9000 0.941
9010 0.95
9020 0.95
9030 0.947
9040 0.944
9050 0.945
9060 0.936
9070 0.94
9080 0.951
9090 0.931
9100 0.935
9110 0.923
9120 0.946
9130 0.939
9140 0.926
9150 0.932
9160 0.939
9170 0.932
9180 0.937
9190 0.937
9200 0.942
9210 0.951
9220 0.946
9230 0.95
9240 0.948
9250 0.945
9260 0.956
9270 0.961
9280 0.956
9290 0.95
9300 0.956
9310 0.952
9320 0.957
9330 0.949
9340 0.947
9350 0.949
9360 0.945
9370 0.943
9380 0.941
9390 0.935
9400 0.936
9410 0.928
9420 0.898
9430 0.914
9440 0.908
9450 0.899
9460 0.892
9470 0.881
9480 0.882
9490 0.874
9500 0.879
9510 0.885
9520 0.896
9530 0.902
9540 0.903
9550 0.87
9560 0.804
9570 0.692
9580 0.553
9590 0.403
9600 0.276
9610 0.177
9620 0.11
9630 0.0688
9640 0.044
9650 0.0289
9660 0.0191
9670 0.0132
9680 0.00934
9690 0.00666
9700 0.00486
9710 0.00371
9720 0.00523
9720 0.00285
9720 0.00409
9760 0.00233
9800 0.000994
9800 0.000817
9820 0.000519
9840 0.00067
9840 0.000566
9880 0.000868
9880 0.000697
9920 0.000302
9920 0.000368
9960 0.000174
9960 0.000156
10000 4.81E-05
10040 4.43E-05
10080 3.47E-05
10120 3.34E-05
10160 2.19E-05
10200 2.35E-05
10210 1.92E-05
10240 2.44E-05
10280 1.22E-05
10320 1.96E-05
10360 1.14E-05
10400 1.75E-05
10400 1.85E-05
10440 1.24E-05
10480 1.70E-05
10600 9.16E-06
