-25.74383
3480 1.13E-05
3520 2.51E-05
3560 5.14E-06
3600 2.73E-06
3640 4.44E-06
3680 1.72E-05
3720 2.84E-05
3760 2.78E-05
3800 3.03E-05
3840 3.11E-05
3880 2.94E-05
3920 2.58E-05
3960 2.49E-05
4000 2.99E-05
4040 3.15E-05
4080 2.25E-05
4120 1.98E-05
4160 2.69E-05
4200 3.14E-05
4240 2.18E-05
4280 1.86E-05
4320 2.63E-05
4360 3.94E-05
4400 4.64E-05
4440 7.38E-05
4480 0.000246
4520 0.000963
4560 0.00343
4580 0.00958
4590 0.0129
4600 0.0171
4610 0.0229
4620 0.0302
4630 0.0398
4640 0.0517
4650 0.0668
4660 0.0854
4670 0.107
4680 0.131
4690 0.159
4700 0.198
4710 0.23
4720 0.263
4730 0.298
4740 0.33
4750 0.365
4760 0.403
4770 0.435
4780 0.473
4790 0.511
4800 0.549
4810 0.579
4820 0.614
4830 0.644
4840 0.673
4850 0.694
4860 0.722
4870 0.733
4880 0.748
4890 0.762
4900 0.771
4910 0.779
4920 0.788
4930 0.794
4940 0.801
4950 0.794
4960 0.819
4970 0.824
4980 0.845
4990 0.846
5000 0.857
5010 0.868
5020 0.874
5030 0.874
5040 0.882
5050 0.876
5060 0.885
5070 0.871
5080 0.875
5090 0.863
5100 0.858
5110 0.852
5120 0.85
5130 0.848
5140 0.844
5150 0.841
5160 0.841
5170 0.846
5180 0.853
5190 0.85
5200 0.858
5210 0.856
5220 0.862
5230 0.862
5240 0.867
5250 0.86
5260 0.858
5270 0.859
5280 0.854
5290 0.841
5300 0.843
5310 0.832
5320 0.831
5330 0.821
5340 0.824
5350 0.817
5360 0.816
5370 0.814
5380 0.823
5390 0.823
5400 0.827
5410 0.828
5420 0.83
5430 0.838
5440 0.842
5450 0.844
5460 0.84
5470 0.846
5480 0.847
5490 0.846
5500 0.856
5510 0.843
5520 0.841
5530 0.835
5540 0.832
5550 0.823
5560 0.824
5570 0.81
5580 0.812
5590 0.802
5600 0.796
5610 0.783
5620 0.779
5630 0.772
5640 0.778
5650 0.764
5660 0.752
5670 0.751
5680 0.748
5690 0.731
5700 0.725
5710 0.721
5720 0.713
5730 0.693
5740 0.695
5750 0.681
5760 0.673
5770 0.662
5780 0.655
5790 0.646
5800 0.642
5810 0.626
5820 0.62
5830 0.603
5840 0.595
5850 0.581
5860 0.573
5870 0.557
5880 0.548
5890 0.529
5900 0.519
5910 0.501
5920 0.49
5930 0.475
5940 0.469
5950 0.459
5960 0.445
5970 0.438
5980 0.435
5990 0.43
6000 0.427
6010 0.412
6020 0.399
6040 0.341
6050 0.3
6060 0.251
6070 0.201
6080 0.157
6090 0.118
6100 0.0886
6110 0.0656
6120 0.0492
6130 0.0367
6140 0.0275
6150 0.0205
6160 0.0156
6170 0.012
6180 0.00932
6200 0.00798
6240 0.00309
6280 0.00132
6320 0.000586
6360 0.000289
6400 0.000153
6440 8.61E-05
6480 4.91E-05
6520 2.99E-05
6560 1.84E-05
6600 1.13E-05
6640 7.16E-06
6680 4.62E-06
6720 3.09E-06
6760 2.09E-06
6800 1.45E-06
6840 1.03E-06
6880 7.17E-07
6920 5.40E-07
6960 3.77E-07
7000 3.22E-07
7040 4.53E-07
7080 1.55E-07
7120 1.77E-07
7500 4.24E-08
8000 9.05E-08
8500 7.68E-08
9000 1.81E-07
9500 8.81E-07
10000 2.05E-05
10500 8.41E-05
