-26.42028
3000 0.000109
3500 1.98E-06
4000 1.02E-06
4360 5.83E-06
4400 8.35E-06
4440 8.97E-06
4480 9.96E-06
4520 1.04E-05
4560 1.61E-05
4600 0.00103
4620 0.00625
4630 0.01548
4640 0.0194
4650 0.04032
4660 0.10302
4670 0.11662
4680 0.12536
4690 0.24233
4700 0.31206
4710 0.25258
4720 0.30956
4730 0.48336
4740 0.47572
4750 0.40054
4760 0.49805
4770 0.69783
4780 0.65537
4790 0.55271
4800 0.64134
4810 0.80749
4820 0.78579
4830 0.79915
4840 0.85013
4850 0.8849
4860 0.8718
4870 0.88296
4880 0.90258
4890 0.82274
4900 0.76854
4910 0.76609
4920 0.78974
4930 0.84043
4940 0.89929
4950 0.9235
4960 0.88187
4970 0.82122
4980 0.84646
4990 0.91092
5000 0.93508
5010 0.95177
5020 0.92631
5030 0.87029
5040 0.80669
5050 0.78423
5060 0.78637
5070 0.88469
5080 0.89455
5090 0.93451
5100 0.86544
5110 0.86932
5120 0.86096
5130 0.86482
5140 0.90199
5150 0.91051
5160 0.94839
5170 0.89697
5180 0.89479
5190 0.86862
5200 0.97334
5210 0.91032
5220 0.93105
5230 0.83308
5240 0.81765
5250 0.90954
5260 0.84923
5270 0.92304
5280 0.89127
5290 0.95024
5300 0.91132
5310 0.8901
5320 0.83942
5330 0.92309
5340 0.8662
5350 0.95801
5360 0.93473
5370 0.92305
5380 0.92646
5390 0.89796
5400 0.83735
5410 0.82517
5420 0.8739
5430 0.91304
5440 0.94284
5450 0.96922
5460 0.95645
5470 0.95971
5480 0.97509
5490 0.96414
5500 0.9564
5510 0.90562
5520 0.91609
5530 0.93161
5540 0.94648
5550 0.95918
5560 0.9297
5570 0.95185
5580 0.95844
5590 0.94635
5600 0.93662
5610 0.89462
5620 0.89436
5630 0.92848
5640 0.9548
5650 0.95709
5660 0.93719
5670 0.91604
5680 0.91683
5690 0.93061
5700 0.9501
5710 0.95605
5720 0.93532
5730 0.93417
5740 0.95456
5750 0.89273
5760 0.88879
5770 0.88224
5780 0.89206
5790 0.91593
5800 0.94496
5810 0.95978
5820 0.96389
5830 0.93751
5840 0.93489
5850 0.9076
5860 0.94487
5870 0.93696
5880 0.93613
5890 0.9099
5900 0.97232
5910 0.92857
5920 0.97023
5930 0.94655
5940 0.91496
5950 0.8647
5960 0.92447
5970 0.90095
5980 0.91178
5990 0.90893
6000 0.90349
6010 0.91397
6020 0.91782
6030 0.92153
6040 0.92329
6050 0.94682
6060 0.93905
6070 0.92306
6080 0.90775
6090 0.93198
6100 0.9468
6110 0.92854
6120 0.94493
6130 0.94372
6140 0.94436
6150 0.94548
6160 0.92297
6170 0.87253
6180 0.8385
6190 0.81093
6200 0.80316
6210 0.79164
6220 0.81019
6230 0.86827
6240 0.88813
6250 0.92371
6260 0.92208
6270 0.92789
6280 0.94016
6290 0.90906
6300 0.919
6310 0.89578
6320 0.89932
6330 0.88814
6340 0.90585
6350 0.89213
6360 0.9701
6370 0.88119
6380 0.91181
6390 0.82355
6400 0.84971
6410 0.81717
6420 0.86959
6430 0.83229
6440 0.91846
6450 0.88402
6460 0.96495
6470 0.90492
6480 0.96497
6490 0.89308
6500 0.93583
6510 0.85012
6520 0.87357
6530 0.82784
6540 0.89032
6550 0.83475
6560 0.91169
6570 0.86721
6580 0.89828
6590 0.86531
6600 0.8755
6610 0.82321
6620 0.86276
6630 0.86797
6640 0.86358
6650 0.93113
6660 0.88414
6670 0.96035
6680 0.90648
6690 0.97541
6700 0.8904
6710 0.92138
6720 0.87409
6730 0.88012
6740 0.85063
6750 0.90268
6760 0.85232
6770 0.84284
6780 0.94915
6790 0.85347
6800 0.92803
6810 0.85972
6820 0.87161
6830 0.83586
6840 0.88881
6850 0.84003
6860 0.90224
6870 0.8616
6880 0.90547
6890 0.84372
6900 0.86204
6910 0.78287
6920 0.80949
6930 0.74115
6940 0.80465
6950 0.76455
6960 0.85021
6970 0.86039
6980 0.90247
6990 0.85735
7000 0.89403
7010 0.86003
7020 0.87927
7030 0.82665
7040 0.88405
7050 0.83556
7060 0.89773
7070 0.84361
7080 0.7251
7090 0.43472
7100 0.25256
7110 0.14595
7120 0.09957
7130 0.07103
7140 0.05822
7150 0.04479
7160 0.03158
7170 0.01859
7180 0.00935
7190 0.00525
7210 0.00205
7250 0.000488
7290 0.000148
7330 6.66E-05
7370 5.70E-05
7410 4.12E-05
7450 1.51E-05
7490 1.17E-05
7530 7.61E-06
7570 5.46E-06
7610 5.77E-06
7650 9.37E-06
7690 7.80E-06
7730 5.65E-06
7770 5.06E-06
7810 3.32E-06
7850 2.10E-06
7890 2.65E-06
7930 3.70E-06
7970 3.87E-06
8010 3.76E-06
8050 4.64E-06
8090 3.74E-06
8130 2.11E-06
8170 1.83E-06
8210 2.41E-06
8250 1.94E-06
8350 2.27E-06
8450 1.77E-06
8500 1.48E-06
8600 2.00E-06
8700 1.90E-06
8800 4.85E-07
8900 3.55E-07
9000 1.62E-07
9100 3.16E-07
9200 1.35E-05
9300 5.10E-07
9400 2.24E-06
9500 4.32E-06
9600 4.10E-06
9700 1.23E-05
9800 5.16E-06
9900 5.43E-06
10000 2.38E-06
10100 1.01E-05
10200 1.09E-05
10300 8.62E-06
10400 1.12E-05
10500 6.62E-06
