-25.2906
4000 4.75E-07
4500 1.19E-06
5000 9.40E-07
5500 6.56E-07
6000 5.94E-07
6500 7.19E-06
6800 0.00857
6810 0.0113
6820 0.0149
6830 0.0201
6840 0.0262
6850 0.0341
6860 0.044
6870 0.0559
6880 0.0723
6890 0.0923
6900 0.111
6910 0.138
6920 0.16
6930 0.19
6940 0.223
6950 0.256
6960 0.295
6970 0.339
6980 0.37
6990 0.407
7000 0.449
7010 0.493
7020 0.527
7030 0.558
7040 0.595
7050 0.619
7060 0.646
7070 0.677
7080 0.698
7090 0.724
7100 0.738
7110 0.761
7120 0.788
7130 0.784
7140 0.807
7150 0.82
7160 0.84
7170 0.837
7180 0.847
7190 0.855
7200 0.867
7210 0.882
7220 0.886
7230 0.896
7240 0.894
7250 0.904
7260 0.896
7270 0.907
7280 0.908
7290 0.895
7300 0.902
7310 0.917
7320 0.926
7330 0.921
7340 0.91
7350 0.926
7360 0.927
7370 0.921
7380 0.936
7390 0.927
7400 0.929
7410 0.935
7420 0.924
7430 0.92
7440 0.923
7450 0.914
7460 0.918
7470 0.916
7480 0.918
7490 0.92
7500 0.925
7510 0.924
7520 0.931
7530 0.942
7540 0.942
7550 0.945
7560 0.94
7570 0.942
7580 0.944
7590 0.939
7600 0.935
7610 0.935
7620 0.941
7630 0.943
7640 0.938
7650 0.934
7660 0.938
7670 0.947
7680 0.937
7690 0.929
7700 0.923
7710 0.916
7720 0.909
7730 0.906
7740 0.897
7750 0.897
7760 0.901
7770 0.9
7780 0.905
7790 0.914
7800 0.918
7810 0.926
7820 0.929
7830 0.937
7840 0.937
7850 0.946
7860 0.927
7870 0.934
7880 0.927
7890 0.925
7900 0.922
7910 0.92
7920 0.917
7930 0.919
7940 0.914
7950 0.915
7960 0.906
7970 0.91
7980 0.905
7990 0.9
8000 0.894
8010 0.893
8020 0.881
8030 0.886
8040 0.884
8050 0.891
8060 0.89
8070 0.897
8080 0.899
8090 0.906
8100 0.909
8110 0.915
8120 0.912
8130 0.917
8140 0.915
8150 0.915
8160 0.912
8170 0.923
8180 0.916
8190 0.921
8200 0.919
8210 0.928
8220 0.921
8230 0.924
8240 0.913
8250 0.898
8260 0.904
8270 0.901
8280 0.892
8290 0.884
8300 0.871
8310 0.881
8320 0.866
8330 0.872
8340 0.858
8350 0.865
8360 0.862
8370 0.852
8380 0.862
8390 0.865
8400 0.866
8410 0.87
8420 0.875
8430 0.867
8440 0.86
8450 0.849
8460 0.832
8470 0.821
8480 0.806
8490 0.786
8500 0.749
8510 0.703
8520 0.629
8530 0.534
8540 0.424
8550 0.31
8560 0.21
8570 0.138
8580 0.0868
8590 0.0576
8600 0.0384
8610 0.0264
8620 0.0188
8630 0.0136
8640 0.00993
8650 0.00722
8660 0.0053
8670 0.00396
8710 0.00176
8750 0.000506
8790 0.000152
8830 4.98E-05
8870 2.48E-05
8910 1.60E-05
8950 1.15E-05
8990 1.03E-05
9030 1.16E-05
9070 1.17E-05
9110 8.70E-06
9150 4.78E-06
9190 2.99E-06
9230 2.23E-06
9270 2.10E-06
9310 1.70E-06
9320 2.89E-06
9350 2.01E-06
9390 2.21E-06
9420 2.15E-06
9430 3.20E-06
9470 4.62E-06
9510 6.55E-06
9520 5.58E-06
9550 4.00E-06
9590 8.60E-06
9620 6.80E-06
9630 1.03E-05
9670 9.35E-06
9710 6.78E-06
9720 4.10E-06
9750 1.55E-05
9790 9.30E-06
9820 3.71E-06
9830 7.27E-06
9870 1.53E-05
9910 1.42E-05
9920 8.59E-06
9950 4.14E-06
9990 1.57E-05
10030 9.89E-06
10070 1.14E-05
10110 7.39E-06
10150 8.67E-06
10190 1.09E-05
10230 1.20E-05
10270 9.28E-06
10310 1.51E-05
10350 1.29E-05
10360 6.65E-06
10390 1.52E-05
10430 1.26E-05
10470 2.24E-05
