-20.4946
      3450.00      0.00000
      3500.00   0.00500000
      3550.00    0.0350000
      3600.00     0.116000
      3650.00     0.234000
      3700.00     0.360000
      3750.00     0.478000
      3800.00     0.581000
      3850.00     0.671000
      3900.00     0.748000
      3950.00     0.813000
      4000.00     0.866000
      4050.00     0.907000
      4100.00     0.941000
      4150.00     0.967000
      4200.00     0.986000
      4250.00     0.996000
      4300.00      1.00000
      4350.00     0.997000
      4400.00     0.989000
      4450.00     0.976000
      4500.00     0.951000
      4550.00     0.923000
      4600.00     0.884000
      4650.00     0.827000
      4700.00     0.744000
      4750.00     0.645000
      4800.00     0.542000
      4850.00     0.437000
      4900.00     0.342000
      4950.00     0.268000
      5000.00     0.212000
      5050.00     0.156000
      5100.00     0.106000
      5150.00    0.0720000
      5200.00    0.0460000
      5250.00    0.0270000
      5300.00    0.0160000
      5350.00    0.0120000
      5400.00    0.0100000
      5450.00    0.0100000
      5500.00    0.0120000
      5550.00    0.0150000
      5600.00    0.0170000
      5650.00    0.0150000
      5700.00    0.0110000
      5750.00   0.00600000
      5800.00   0.00200000
      5850.00   0.00100000
      5900.00      0.00000
