0.0
      6300.00      0.00000
      6350.00   0.00100000
      6400.00   0.00100000
      6450.00   0.00100000
      6500.00   0.00100000
      6550.00   0.00200000
      6600.00   0.00400000
      6650.00   0.00900000
      6700.00    0.0210000
      6750.00    0.0480000
      6800.00     0.106000
      6850.00     0.213000
      6900.00     0.367000
      6950.00     0.534000
      7000.00     0.681000
      7050.00     0.801000
      7100.00     0.898000
      7150.00     0.967000
      7200.00     0.999000
      7250.00      1.00000
      7300.00     0.985000
      7350.00     0.971000
      7400.00     0.965000
      7450.00     0.968000
      7500.00     0.974000
      7550.00     0.977000
      7600.00     0.974000
      7650.00     0.965000
      7700.00     0.953000
      7750.00     0.939000
      7800.00     0.926000
      7850.00     0.915000
      7900.00     0.903000
      7950.00     0.886000
      8000.00     0.847000
      8050.00     0.808000
      8100.00     0.754000
      8150.00     0.692000
      8200.00     0.626000
      8250.00     0.567000
      8300.00     0.523000
      8350.00     0.509000
      8400.00     0.545000
      8450.00     0.646000
      8500.00     0.639000
      8550.00     0.294000
      8600.00    0.0910000
      8650.00    0.0310000
      8700.00    0.0120000
      8750.00   0.00600000
      8800.00   0.00300000
      8850.00   0.00200000
      8900.00   0.00100000
      8950.00   0.00100000
      9000.00   0.00100000
      9050.00   0.00100000
      9100.00      0.00000
