0.0
      5250.00      0.00000
      5300.00   0.00100000
      5350.00    0.0130000
      5400.00    0.0690000
      5450.00     0.290000
      5500.00     0.586000
      5550.00     0.692000
      5600.00     0.811000
      5650.00     0.904000
      5700.00     0.919000
      5750.00     0.912000
      5800.00     0.934000
      5850.00     0.973000
      5900.00      1.00000
      5950.00     0.998000
      6000.00     0.986000
      6050.00     0.983000
      6100.00     0.988000
      6150.00     0.980000
      6200.00     0.963000
      6250.00     0.956000
      6300.00     0.964000
      6350.00     0.969000
      6400.00     0.948000
      6450.00     0.906000
      6500.00     0.875000
      6550.00     0.870000
      6600.00     0.876000
      6650.00     0.872000
      6700.00     0.852000
      6750.00     0.836000
      6800.00     0.814000
      6850.00     0.736000
      6900.00     0.590000
      6950.00     0.446000
      7000.00     0.366000
      7050.00     0.354000
      7100.00     0.304000
      7150.00     0.119000
      7200.00    0.0310000
      7250.00    0.0100000
      7300.00   0.00400000
      7350.00   0.00100000
      7400.00   0.00100000
      7450.00      0.00000
