-21.0193
      4700.00      0.00000
      4750.00    0.0130000
      4800.00     0.114000
      4850.00     0.341000
      4900.00     0.585000
      4950.00     0.767000
      5000.00     0.883000
      5050.00     0.950000
      5100.00     0.985000
      5150.00     0.999000
      5200.00      1.00000
      5250.00     0.991000
      5300.00     0.974000
      5350.00     0.951000
      5400.00     0.922000
      5450.00     0.888000
      5500.00     0.851000
      5550.00     0.808000
      5600.00     0.761000
      5650.00     0.709000
      5700.00     0.654000
      5750.00     0.594000
      5800.00     0.531000
      5850.00     0.468000
      5900.00     0.404000
      5950.00     0.343000
      6000.00     0.284000
      6050.00     0.231000
      6100.00     0.184000
      6150.00     0.143000
      6200.00     0.108000
      6250.00    0.0800000
      6300.00    0.0580000
      6350.00    0.0410000
      6400.00    0.0280000
      6450.00    0.0190000
      6500.00    0.0130000
      6550.00   0.00900000
      6600.00   0.00600000
      6650.00   0.00300000
      6700.00   0.00200000
      6750.00   0.00100000
      6800.00   0.00100000
      6850.00      0.00000
