# GOTO complete transmission with B filter at zenith
# Source: Product of `GOTO_B_noatm.data` and `atm.data`
# Wavelength(AA) Throughput(0-1)
# 3000 -2.6161742825330465e-16
# 3010 -1.9494315255967933e-14
# 3020 -9.912408172828246e-14
# 3030 -1.5590250626941022e-13
# 3040 -4.880087007254765e-13
# 3050 -7.593999849457509e-13
# 3060 -6.827472679689941e-12
# 3070 -1.0358254273549723e-11
# 3080 -7.2292678535013945e-12
# 3090 -3.932914498747444e-12
# 3100 5.127241242525854e-12
# 3110 -2.4514215847036367e-11
# 3120 8.20045232445679e-11
# 3130 -1.1679848102234514e-10
# 3140 1.0749491322836673e-10
# 3150 -6.23365344464152e-11
# 3160 -2.361930952284377e-10
# 3170 1.521117048745659e-10
# 3180 6.518200666115691e-10
# 3190 9.330753557642096e-10
# 3200 8.247746437533625e-11
# 3210 -1.7678624888904986e-09
# 3220 8.948454978491469e-11
# 3230 -1.0651652227978693e-09
# 3240 -2.5395522002801527e-09
# 3250 -1.2988774210791583e-09
# 3260 -5.196769634652428e-09
# 3270 -5.0538583067505586e-09
# 3280 3.677606435209375e-09
# 3290 2.7697821216104932e-09
# 3300 -4.260567228018942e-09
# 3310 9.329697231659559e-11
# 3320 3.632085119655436e-09
# 3330 -5.545282632959836e-09
# 3340 -7.264443487773419e-09
# 3350 -1.561645403865059e-08
# 3360 -2.6481162492187055e-08
# 3370 1.927592855358846e-09
# 3380 -5.915656393870201e-09
# 3390 1.0399918635353922e-08
# 3400 -1.002462889916289e-08
# 3410 2.1076434556216416e-08
# 3420 -5.125977744522186e-09
# 3430 4.180933122229325e-08
# 3440 4.7647672376651284e-08
# 3450 -4.60806932030067e-09
# 3460 4.938536061601817e-09
# 3470 -2.5309361504749257e-08
# 3480 -9.74716369142809e-09
# 3490 4.5807775382974466e-08
# 3500 1.169024973229076e-08
# 3510 2.474002627138974e-08
# 3520 6.538813325057362e-08
# 3530 -1.256444302839155e-08
# 3540 3.769519454871774e-08
# 3550 6.305535247444601e-10
# 3560 -4.145907522253371e-09
# 3570 3.3898508976690953e-09
# 3580 2.4186155760547838e-08
# 3590 1.0669151881122439e-07
# 3600 4.65854479486283e-08
# 3610 -1.1099172790472914e-08
# 3620 5.3454890855241996e-08
# 3630 9.182808746601666e-08
# 3640 1.1825282444102626e-07
# 3650 5.493600310265599e-08
# 3660 -2.0603829015665413e-08
# 3670 3.452379963055014e-08
# 3680 9.493117018995889e-08
# 3690 -1.8532444808191024e-07
# 3700 -3.0018757813738127e-07
3710 -2.4335090140117614e-07
3720 6.99929646197151e-08
3730 2.4200616686245184e-09
3740 3.1367249217239425e-07
3750 3.814071542719676e-08
3760 7.470904052869672e-07
3770 6.8967213630261e-07
3780 7.664171133801861e-07
3790 2.0317790244889852e-06
3800 3.6627931838741992e-06
3810 7.931479969752012e-06
3820 2.2160824151123622e-05
3830 7.904511219466567e-05
3840 0.00028869114286653256
3850 0.0009210287177163044
3860 0.0022952927651406366
3870 0.004375097026609804
3880 0.006364197758178963
3890 0.007315592768366379
3900 0.007394404775475422
3910 0.007592433942137363
3920 0.008733560264281593
3930 0.011599974622316545
3940 0.01741343194459487
3950 0.028052393139199567
3960 0.04438951245751148
3970 0.06483033725860574
3980 0.08324261625213243
3990 0.09636822047726602
4000 0.1047855000634482
4010 0.11043972815337508
4020 0.11621441317627171
4030 0.12205640981254197
4040 0.12877635450018668
4050 0.13496136110573614
4060 0.14084650496916448
4070 0.1449517345687124
4080 0.14790452520455294
4090 0.1496439759264404
4100 0.15164689692664504
4110 0.1550152336240957
4120 0.16023637862627255
4130 0.16761512610887203
4140 0.17520458291103375
4150 0.18177189841564015
4160 0.18533416960745827
4170 0.18799711056696444
4180 0.18926948693394274
4190 0.19174510803227282
4200 0.19601265810300864
4210 0.20176818856892506
4220 0.20776638766546662
4230 0.213168150724863
4240 0.2178404035500329
4250 0.22170260993746785
4260 0.2243499247408579
4270 0.2275102651625597
4280 0.23032279224277705
4290 0.2333417053282415
4300 0.23498490216354226
4310 0.23662372382527933
4320 0.23822850201735152
4330 0.2416470816395758
4340 0.24564575271308187
4350 0.2503622518692327
4360 0.25453763399662327
4370 0.2573304647290593
4380 0.2588830499545148
4390 0.25878667139190703
4400 0.2591801605157953
4410 0.2612533447230703
4420 0.26502156468600413
4430 0.2703673931553789
4440 0.27623867635102906
4450 0.28194048279963807
4460 0.2861386377955526
4470 0.28889630935612187
4480 0.29009985698890445
4490 0.2911766794326554
4500 0.292340093809574
4510 0.29566974466437373
4520 0.2999276719938176
4530 0.3052642958460484
4540 0.3102976673600239
4550 0.31588951188884745
4560 0.3201967712348984
4570 0.32307262001765724
4580 0.32561458780083063
4590 0.32846413193122953
4600 0.331195514953509
4610 0.33299360800839495
4620 0.33440154474468714
4630 0.3358294942121627
4640 0.3364223650788628
4650 0.336955188511243
4660 0.3367417914947999
4670 0.3370939568788694
4680 0.33863125276875594
4690 0.3413103293762565
4700 0.3453007510109265
4710 0.3500028321611014
4720 0.3545219689832156
4730 0.3575147716444323
4740 0.358561199874562
4750 0.3573723129084521
4760 0.3548333632365524
4770 0.3519370273689566
4780 0.3491243466430568
4790 0.3482358894349438
4800 0.3489217831610152
4810 0.35222279337462953
4820 0.3568522025222414
4830 0.363151007774788
4840 0.3689721258209575
4850 0.37479569960443654
4860 0.37912963624286233
4870 0.3813199199119443
4880 0.3820600922071468
4890 0.38102519846890065
4900 0.37976738639569696
4910 0.37898439227508157
4920 0.37901763875134076
4930 0.38021106297285245
4940 0.3822893066882834
4950 0.3857787547459927
4960 0.38881685943502187
4970 0.3918089269054353
4980 0.3938662376114735
4990 0.39576288876642896
5000 0.39713227927123196
5010 0.39911498956089814
5020 0.4020199957805402
5030 0.40570781734909184
5040 0.40617770111599727
5050 0.3979144778024174
5060 0.3712200229785888
5070 0.3218126820229385
5080 0.2565807099838956
5090 0.18764818728448504
5100 0.1289756818451965
5110 0.08521190487246529
5120 0.055623557630766776
5130 0.036563492609532317
5140 0.024342898082942575
5150 0.016607428649067953
5160 0.011640019187665674
5170 0.008328135250140525
5180 0.006097751419961509
5190 0.004560788897712923
5200 0.003479918476041811
5210 0.002700756730217981
5220 0.0021273431717032556
5230 0.0017160842565970152
5240 0.0013954270602349046
5250 0.0011550178971076294
5260 0.0009716821106532025
5270 0.0008218769989609302
5280 0.000707403711095103
5290 0.0006166798671911339
5300 0.0005415662722095343
5310 0.00048502839093212205
5320 0.00043588770879187863
5330 0.00039623119700640233
5340 0.00036499181658277633
5350 0.0003407482549772315
5360 0.00031864904796912873
5370 0.0003039391070383912
5380 0.0002866279751697622
5390 0.00028132542917547697
5400 0.0002738460833937264
# 5410 0.00027008587855799777
# 5420 0.0002691990372986149
# 5430 0.00026970198106224274
# 5440 0.0002735457761354193
# 5450 0.00027854733857337146
# 5460 0.0002884864734450637
# 5470 0.0003031295137064352
# 5480 0.00031579859242200387
# 5490 0.00033774273970955666
# 5500 0.00036235549569772085
# 5510 0.0003894839800388796
# 5520 0.0004242360610065577
# 5530 0.00046560180990289155
# 5540 0.0005166715755068822
# 5550 0.0005761288914905954
# 5560 0.0006445347930473592
# 5570 0.0007236130924407411
# 5580 0.000815031554768045
# 5590 0.0009161201616231948
# 5600 0.0010254268319175488
# 5610 0.0011359246800562125
# 5620 0.0012526351377093003
# 5630 0.0013557251355115233
# 5640 0.0014513481646142212
# 5650 0.0015267612845693479
# 5660 0.0015885131546794207
# 5670 0.0016309345880600712
# 5680 0.0016529182099193351
# 5690 0.001673239210071993
# 5700 0.0016817418513677168
# 5710 0.0016878123505549316
# 5720 0.0016971526707880874
# 5730 0.0017150298663124676
# 5740 0.0017355509083788008
# 5750 0.001768410008700429
# 5760 0.0018145862213389708
# 5770 0.0018659246504640872
# 5780 0.0019305883670156778
# 5790 0.0020015957081005197
# 5800 0.0020781893054989255
# 5810 0.0021519191680425534
# 5820 0.00221097873467275
# 5830 0.0022523869817509083
# 5840 0.002274945623218349
# 5850 0.0022715567843848597
# 5860 0.0022411112057331814
# 5870 0.002184879484480786
# 5880 0.0021075734695489654
# 5890 0.0020168467589412016
# 5900 0.0019203412156240693
# 5910 0.0018341089757470987
# 5920 0.001739041207947309
# 5930 0.001658834754911665
# 5940 0.0015809014077949077
# 5950 0.0015185198284908086
# 5960 0.0014680570430659094
# 5970 0.0014276513158470424
# 5980 0.0013989665719574833
# 5990 0.0013786218500182704
# 6000 0.0013651689201125902
# 6010 0.001363029834554305
# 6020 0.0013671275124237869
# 6030 0.0013741572362569788
# 6040 0.0013832614999865823
# 6050 0.0013910903688835938
# 6060 0.0013923121482177483
# 6070 0.001385165873127985
# 6080 0.001369456451352788
# 6090 0.0013398811191956547
# 6100 0.0012990817525136403
# 6110 0.0012442165869673012
# 6120 0.0011862477580911507
# 6130 0.001117216754751382
# 6140 0.0010477188055242493
# 6150 0.0009759294011154374
# 6160 0.0009096502226450192
# 6170 0.0008462280703889157
# 6180 0.0007880659453822603
# 6190 0.0007353791510181281
# 6200 0.0006940951367766857
# 6210 0.0006549949861895538
# 6220 0.0006192295830110183
# 6230 0.0005941033089038895
# 6240 0.000573324852526492
# 6250 0.0005554499895524099
# 6260 0.0005471219698310362
# 6270 0.0005413285842606773
# 6280 0.0005301288239553088
# 6290 0.000543136032256758
# 6300 0.0005535139360121649
# 6310 0.0005776985453254023
# 6320 0.0006054210863152625
# 6330 0.0006441198589376814
# 6340 0.0006928363461334328
# 6350 0.0007533098512109134
# 6360 0.0008254705500512909
# 6370 0.0009114342356993499
# 6380 0.0010064174205346214
# 6390 0.0011038261982714032
# 6400 0.0011799446580086437
# 6410 0.0012292128817570423
# 6420 0.0012236577982268073
# 6430 0.001164814184500355
# 6440 0.0010610009823737584
# 6450 0.0009270090960072195
# 6460 0.0007894405542427762
# 6470 0.0006553575882121025
# 6480 0.0005441703323710556
# 6490 0.000447752456405973
# 6500 0.0003713551753915804
# 6510 0.0003111104206339986
# 6520 0.0002613456551988546
# 6530 0.00022304306349618934
# 6540 0.00018942770251000594
# 6550 0.00016496882964178706
# 6560 0.00014494348837226594
# 6570 0.0001247753261749827
# 6580 0.00011379362946713419
# 6590 0.0001033288990199025
# 6600 9.347216328574589e-05
# 6610 8.736857902061801e-05
# 6620 7.970753415268976e-05
# 6630 7.390894249650206e-05
# 6640 6.721025905367321e-05
# 6650 6.676743759373645e-05
# 6660 6.338666038209718e-05
# 6670 6.012410351681991e-05
# 6680 6.15844677925811e-05
# 6690 5.5527463113999364e-05
# 6700 5.6761112388572374e-05
# 6710 5.400565395881515e-05
# 6720 5.4905207152672264e-05
# 6730 5.526217503534625e-05
# 6740 5.4445672462322126e-05
# 6750 5.457567701778536e-05
# 6760 5.2646812739673336e-05
# 6770 5.838990125619546e-05
# 6780 5.8517733967117365e-05
# 6790 6.100872896660333e-05
# 6800 6.40630330735784e-05
# 6810 6.580102205912524e-05
# 6820 7.090450543765071e-05
# 6830 7.564007998218154e-05
# 6840 8.024642702414612e-05
# 6850 8.727561873566694e-05
# 6860 9.482072835921279e-05
# 6870 8.612029367812118e-05
# 6880 0.00010456399251938372
# 6890 0.00011938302378714232
# 6900 0.00013900338146619336
# 6910 0.0001652659141091678
# 6920 0.00020057519205542352
# 6930 0.00024360670111789714
# 6940 0.0003003267470604301
# 6950 0.0003796233519695869
# 6960 0.00047926769855585765
# 6970 0.0006260596755648986
# 6980 0.0008043481323754185
# 6990 0.0010045552402821992
# 7000 0.0011759230055847219
# 7010 0.0012370480150797412
# 7020 0.001160468884081096
# 7030 0.0009761407673481003
# 7040 0.0007679820006767756
# 7050 0.0005818889744450658
# 7060 0.0004391590828417509
# 7070 0.00033767409116432993
# 7080 0.0002669624681018514
# 7090 0.00021517211659226055
# 7100 0.00017873060109797849
# 7110 0.00015084553041314592
# 7120 0.00013333026340583092
# 7130 0.00011788708475358004
# 7140 0.00010783584966290282
# 7150 9.904968965055283e-05
# 7160 9.271129425422925e-05
# 7170 8.598458259856516e-05
# 7180 8.130868246672639e-05
# 7190 7.273282478516143e-05
# 7200 7.22422631604033e-05
# 7210 7.036146050544241e-05
# 7220 6.808608316878512e-05
# 7230 6.464790848989168e-05
# 7240 6.116235399660789e-05
# 7250 5.939479950253914e-05
# 7260 5.847110973763833e-05
# 7270 5.563332100910714e-05
# 7280 5.3141297503909195e-05
# 7290 4.984458235309081e-05
# 7300 4.7356190283923335e-05
# 7310 4.355847458379835e-05
# 7320 4.1381959291598274e-05
# 7330 3.817380872294629e-05
# 7340 3.705845335926162e-05
# 7350 3.556863531083654e-05
# 7360 3.310835358236775e-05
# 7370 3.264614138496467e-05
# 7380 3.2248135881623445e-05
# 7390 3.203323426215512e-05
# 7400 3.0804614432406794e-05
# 7410 3.231710094990969e-05
# 7420 3.2343831817344854e-05
# 7430 3.322154125989313e-05
# 7440 3.470953293981387e-05
# 7450 3.611191191908211e-05
# 7460 4.034399515685191e-05
# 7470 4.119650380412075e-05
# 7480 4.547142949212125e-05
# 7490 5.058697899131101e-05
# 7500 5.615462193646839e-05
# 7510 6.385252460632078e-05
# 7520 7.400945366326874e-05
# 7530 8.244560723551271e-05
# 7540 9.789692796343526e-05
# 7550 0.00011408029883530601
# 7560 0.0001337000259501047
# 7570 0.00015895157062933459
# 7580 0.00018814514631087118
# 7590 0.00022159803559953695
# 7600 0.00012178979187737029
# 7610 0.00011266868825290522
# 7620 0.0002768430608430194
# 7630 0.00023232736289230646
# 7640 0.0003278556465660736
# 7650 0.0004259327766698566
# 7660 0.0005429009953298115
# 7670 0.0006638497288909119
# 7680 0.0007849409056486963
# 7690 0.0008731507940297205
# 7700 0.0009361585718741002
# 7710 0.0009869035827658028
# 7720 0.0010061099316503196
# 7730 0.0010077333941349317
# 7740 0.0009884821856291717
# 7750 0.0009548921627138007
# 7760 0.0009112554476997381
# 7770 0.0008660318174690319
# 7780 0.0008154217102291206
# 7790 0.0007670497935077747
# 7800 0.0007194936041317486
# 7810 0.000673307378778237
# 7820 0.0006377737278094221
# 7830 0.0005960777439835119
# 7840 0.000562329676005196
# 7850 0.000527547552023821
# 7860 0.0005008455705221449
# 7870 0.0004692200929079987
# 7880 0.00044277346285727197
# 7890 0.00041806966885388176
# 7900 0.0003863630661246432
# 7910 0.00036250171328379075
# 7920 0.00033987802020289594
# 7930 0.0003160405427472919
# 7940 0.0002990978888208583
# 7950 0.00027679206084022195
# 7960 0.0002598872328189957
# 7970 0.0002497930019147256
# 7980 0.00023834989047228502
# 7990 0.000230267397969339
# 8000 0.00022624437994038735
# 8010 0.00022019876702303938
# 8020 0.00021919501458715176
# 8030 0.0002212680381923866
# 8040 0.00022168936409725743
# 8050 0.00023580809655917762
# 8060 0.0002432658954363363
# 8070 0.00025993355220275185
# 8080 0.00027952229732945694
# 8090 0.0003087600147579215
# 8100 0.00033873015627377623
# 8110 0.000377612464328122
# 8120 0.0004365950335910429
# 8130 0.0005001269653946399
# 8140 0.0005711447646617991
# 8150 0.0006702764072196945
# 8160 0.0007558659535448233
# 8170 0.0008776223271755081
# 8180 0.000992363236080291
# 8190 0.0011369112569412948
# 8200 0.0012179886672281156
# 8210 0.001325150108293361
# 8220 0.0013211286119359082
# 8230 0.0011551531028860251
# 8240 0.0011461036388671782
# 8250 0.0010265075880026794
# 8260 0.0008864222589390811
# 8270 0.0007739689329837422
# 8280 0.000664256334766523
# 8290 0.0006045820247226887
# 8300 0.0005411311838545167
# 8310 0.0004854208478239543
# 8320 0.0004357388273069432
# 8330 0.00041074005188143685
# 8340 0.0003790376543858338
# 8350 0.00035110667137432203
# 8360 0.0003174556442586806
# 8370 0.0003002559501899052
# 8380 0.000273692543373433
# 8390 0.0002506226292914384
# 8400 0.00023115946698860337
# 8410 0.00021867137502828187
# 8420 0.00019626222226524953
# 8430 0.00018555541032520424
# 8440 0.00017311490938806033
# 8450 0.00015279484856794547
# 8460 0.00015108444744484282
# 8470 0.0001356708531873553
# 8480 0.0001362970609339064
# 8490 0.00012447193120766956
# 8500 0.00011836008999773562
# 8510 0.00011071112599497937
# 8520 0.00010967869012433691
# 8530 0.0001016681928576345
# 8540 9.986399821525576e-05
# 8550 0.00010129213142365659
# 8560 9.484199750693626e-05
# 8570 9.653183023215042e-05
# 8580 9.612155082358181e-05
# 8590 8.902980644751599e-05
# 8600 8.587736682338783e-05
# 8610 9.303074420302323e-05
# 8620 8.845586288203932e-05
# 8630 9.40546080550096e-05
# 8640 9.532606383999072e-05
# 8650 9.307373716454448e-05
# 8660 9.265152677661356e-05
# 8670 0.00010386478554365711
# 8680 9.923089288724946e-05
# 8690 9.570836644392379e-05
# 8700 0.00010444827239408513
# 8710 0.00010698696355404988
# 8720 0.00011656410676958992
# 8730 0.00012864309554254505
# 8740 0.00013966025841898494
# 8750 0.00013070109465956574
# 8760 0.00012523802339491075
# 8770 0.00017135677799887832
# 8780 0.00016901059138258926
# 8790 0.00014445415729460865
# 8800 0.00016557554502051063
# 8810 0.00019721126186047754
# 8820 0.0002046939310202358
# 8830 0.00019652217409519865
# 8840 0.00017005594782251422
# 8850 0.00021694413548142315
# 8860 0.0002182244053560176
# 8870 0.00021349679037996314
# 8880 0.00021807642338312738
# 8890 0.00023208337331897654
# 8900 0.00022099989238502535
# 8910 0.00023969663353038846
# 8920 0.00023981897259437707
# 8930 0.00020083532527265114
# 8940 0.00022748439098995094
# 8950 0.00023975825424904035
# 8960 0.00021451692327930153
# 8970 0.0001704538291288521
# 8980 0.00024611132715051005
# 8990 0.0001738091711283882
