# GOTO complete transmission with G filter at zenith
# Source: Product of `GOTO_G_noatm.data` and `atm.data`
# Wavelength(AA) Throughput(0-1)
# 3000 1.781692068955345e-15
# 3010 1.5599726592132009e-15
# 3020 -1.8371790795362865e-14
# 3030 -5.78244350005623e-15
# 3040 -3.673775027959757e-13
# 3050 4.201331983352622e-13
# 3060 2.849911699769106e-13
# 3070 3.1731836119708295e-12
# 3080 -1.976782899209902e-12
# 3090 -1.6683849543979229e-12
# 3100 -8.576603617489395e-12
# 3110 3.458217750489124e-11
# 3120 1.325096881072083e-10
# 3130 9.62656839538627e-11
# 3140 1.3630191999902727e-10
# 3150 4.3827737546263586e-10
# 3160 -7.978524677481173e-11
# 3170 6.158375134689303e-10
# 3180 -7.833470225351633e-10
# 3190 1.8445258213275831e-09
# 3200 7.095349042396478e-10
# 3210 -3.3126882594337413e-10
# 3220 1.018600678025945e-09
# 3230 2.6614441762187753e-09
# 3240 7.510644594797824e-09
# 3250 4.429280057396949e-09
# 3260 3.8194281742778787e-10
# 3270 -2.336744410685899e-09
# 3280 5.810104012750482e-09
# 3290 8.903249622943574e-09
# 3300 1.2698688589075237e-08
# 3310 8.255370048288325e-09
# 3320 1.7901962432330365e-09
# 3330 -1.8369241049736777e-08
# 3340 2.1644943246566604e-08
# 3350 3.8967351500109775e-09
# 3360 6.6202879490579164e-09
# 3370 6.301738025333787e-08
# 3380 7.938775061234494e-09
# 3390 6.068472630704307e-09
# 3400 -1.712464613751862e-08
# 3410 -1.4441267378520036e-08
# 3420 1.0324771073496528e-09
# 3430 5.319034999871161e-09
# 3440 -1.5492529503248423e-08
# 3450 -1.443483985398394e-08
# 3460 -4.761110349712017e-08
# 3470 -1.1494229879950155e-07
# 3480 -2.6446194091805656e-08
# 3490 4.125765434345793e-08
# 3500 1.7074423465118484e-08
# 3510 4.5825346722607936e-08
# 3520 -1.819786749099952e-08
# 3530 -2.5625212287442226e-08
# 3540 3.510753347573653e-08
# 3550 2.3529875197566808e-08
# 3560 -4.207506008841762e-08
# 3570 6.061304847916004e-08
# 3580 -7.065706418457228e-08
# 3590 4.827813973327295e-08
# 3600 -2.6306370982151408e-08
# 3610 -6.160063865633196e-08
# 3620 7.396236523270614e-08
# 3630 3.165870644011184e-08
# 3640 -7.475680336145095e-09
# 3650 2.7231026362329853e-08
# 3660 6.674434628155073e-09
# 3670 6.502597290726982e-08
# 3680 8.007391316755001e-08
# 3690 1.1231906172086101e-07
# 3700 1.8802716762256495e-07
# 3710 4.367344085337001e-07
# 3720 1.1669363785987852e-06
# 3730 1.2561961577868827e-06
# 3740 7.617394521156308e-07
# 3750 3.9734545724889135e-07
# 3760 3.0112362641251406e-07
# 3770 9.263519059747373e-08
# 3780 5.428952293893049e-08
# 3790 -1.2132825172560034e-07
# 3800 -4.6260784954437304e-08
# 3810 -7.92676189772463e-08
# 3820 -4.396598377226744e-07
# 3830 -5.379890318933368e-07
# 3840 7.442291309325975e-09
# 3850 -1.439131582655258e-07
# 3860 -2.098947568424976e-08
# 3870 -1.4328148475177568e-07
# 3880 -4.2216397368538775e-07
# 3890 8.481073185896537e-08
# 3900 -7.875696390865477e-08
# 3910 1.3188465830813645e-07
# 3920 -2.8038208088519067e-07
# 3930 -5.850352608775668e-07
# 3940 -2.2697960126062232e-07
# 3950 1.3188377690096968e-07
# 3960 1.0927301885680886e-07
# 3970 3.093978831785353e-07
# 3980 -1.661199643686626e-07
# 3990 1.1195893004886743e-06
# 4000 4.031175010865238e-06
# 4010 6.065965460802233e-06
# 4020 4.86075207974767e-06
# 4030 4.023139421498145e-06
# 4040 4.639175812969125e-06
# 4050 7.71878963043109e-06
# 4060 1.1679249470418693e-05
# 4070 1.373043044966845e-05
# 4080 1.3332444029362733e-05
# 4090 1.0944227021612474e-05
# 4100 8.545661709606785e-06
# 4110 6.345923809530647e-06
# 4120 6.079732048347045e-06
# 4130 6.759385559958312e-06
# 4140 8.491345486156242e-06
# 4150 1.0359716173625144e-05
# 4160 1.1917649096795154e-05
# 4170 1.2123032965447252e-05
# 4180 1.1815106897430558e-05
# 4190 9.468234741037916e-06
# 4200 8.615681657972064e-06
# 4210 7.666199619198904e-06
# 4220 6.657256892354665e-06
# 4230 7.280272560911629e-06
# 4240 6.480231352140816e-06
# 4250 8.449072926774413e-06
# 4260 8.318892831023326e-06
# 4270 1.1306425731261804e-05
# 4280 1.2521057660892107e-05
# 4290 1.5100627185367622e-05
# 4300 1.6711982019269657e-05
# 4310 1.4128747706122682e-05
# 4320 7.861934723445334e-06
# 4330 4.489293706225939e-06
# 4340 3.2600313443218856e-06
# 4350 3.8201973089182695e-06
# 4360 7.294481223708961e-07
# 4370 1.353464093212368e-06
# 4380 2.089492301537452e-06
# 4390 1.2684240434652446e-06
# 4400 5.389316126772392e-07
# 4410 6.946014842502117e-07
# 4420 2.092622989343313e-06
# 4430 1.324988611702108e-06
# 4440 3.1775762489816533e-06
# 4450 2.0684942295827467e-06
# 4460 3.828592406349212e-06
# 4470 7.467609228004301e-06
# 4480 1.2119508310247145e-05
# 4490 2.597761228617806e-05
4500 4.878333507633836e-05
4510 8.682108326928336e-05
4520 0.00013100969652266335
4530 0.00016554593189561622
4540 0.00017426082144677866
4550 0.00015433020901712156
4560 0.0001335793357061769
4570 0.00011107866497202606
4580 9.588022575213596e-05
4590 8.67362052640345e-05
4600 8.008440749085421e-05
4610 7.481005348992158e-05
4620 7.629990134694509e-05
4630 7.698747179760836e-05
4640 8.018478634526328e-05
4650 8.741433732545868e-05
4660 9.491824179410449e-05
4670 0.00010761672861057114
4680 0.0001230769111702823
4690 0.00014377802241716725
4700 0.00016994472853175781
4710 0.0002094938580684183
4720 0.0002602101269568277
4730 0.0003309993055552999
4740 0.000432209258839284
4750 0.0005787189240832977
4760 0.0007973126925565387
4770 0.0011240511039561439
4780 0.0016455672600749942
4790 0.002490748898644813
4800 0.003889109984144302
4810 0.006294312941412296
4820 0.010506643479309236
4830 0.017977340955751174
4840 0.0305954049537089
4850 0.05042606827332796
4860 0.07723442618413089
4870 0.10785096697405143
4880 0.13702133787017914
4890 0.16308735912149297
4900 0.1877622230873478
4910 0.21459475016331073
4920 0.2447067023600092
4930 0.278184265920218
4940 0.31248108427921234
4950 0.34436515922293015
4960 0.3695442938165772
4970 0.3867753770276911
4980 0.3965591278432804
4990 0.40146597673444673
5000 0.40332273198655444
5010 0.4047360070444076
5020 0.40626013522336746
5030 0.40875467666279514
5040 0.41145790238675733
5050 0.4149598638438017
5060 0.41752098354566586
5070 0.41898522979137
5080 0.419702719887504
5090 0.4195390633260581
5100 0.4198653532670283
5110 0.4203543024340733
5120 0.4218136841589695
5130 0.4242360818267528
5140 0.42717663110172316
5150 0.4299228856160323
5160 0.43288416534060165
5170 0.4344928124389723
5180 0.4356238258657347
5190 0.4362123927716391
5200 0.43632546595687544
5210 0.43594312684296377
5220 0.43616883958380137
5230 0.4368872987773688
5240 0.43809161104854855
5250 0.43988709394086306
5260 0.4411782272629816
5270 0.4421449056320514
5280 0.44282978699445674
5290 0.44300400493677544
5300 0.4421387736570085
5310 0.44125086451578244
5320 0.4397572307149696
5330 0.4387639252463162
5340 0.43764787422332724
5350 0.4369247585183133
5360 0.43630888022939707
5370 0.436374330323863
5380 0.43659757823736595
5390 0.4380920956922432
5400 0.4403779586466683
5410 0.44276386577566973
5420 0.4453867557610482
5430 0.4478297379207827
5440 0.4501708903633309
5450 0.45120232901412083
5460 0.451312606792792
5470 0.45006406798616316
5480 0.44859598676691637
5490 0.4460090864348311
5500 0.4437076067975909
5510 0.44142554189054417
5520 0.4402640171631444
5530 0.4392581726033286
5540 0.43933987150249676
5550 0.44056926528905715
5560 0.4421125112340254
5570 0.443991280996964
5580 0.4459792844643569
5590 0.44794784340598515
5600 0.45003876175587126
5610 0.45115676788075426
5620 0.4520417123260716
5630 0.4526685676595127
5640 0.4530355322902537
5650 0.45245467678260015
5660 0.4518387065026796
5670 0.4499803257198628
5680 0.4481313393638596
5690 0.4453782840902231
5700 0.4429960536345701
5710 0.44107707770414134
5720 0.4390059667687557
5730 0.4375145158463659
5740 0.43595464373888704
5750 0.4332823189373598
5760 0.4276220093209625
5770 0.4171250165643254
5780 0.4001244285697628
5790 0.3752513384638454
5800 0.3440151209136006
5810 0.30742903579523545
5820 0.2682841972730909
5830 0.22929338083593623
5840 0.19209073613370742
5850 0.1579329654724444
5860 0.127138843001807
5870 0.1000220677641894
5880 0.07661171503269691
5890 0.05746072406517574
5900 0.04240624297308651
5910 0.03103849802222694
5920 0.022608377405043022
5930 0.016637274954284093
5940 0.012328350999071706
5950 0.009273352448291626
5960 0.007134035972297372
5970 0.005599560354422415
5980 0.00449042185993021
5990 0.003692591242977693
6000 0.00310692971304061
6010 0.0026839235234327524
6020 0.002372936296172758
6030 0.002149339751497805
6040 0.001988734665769667
6050 0.001889697141087677
6060 0.0018327397370041145
6070 0.001817345244582651
6080 0.0018332720164498692
6090 0.001890599437715461
6100 0.0019833508185831497
6110 0.0020998505709077645
6120 0.0022404472649177193
6130 0.00238922029071029
6140 0.002533588767727953
6150 0.002651126732816162
6160 0.0027166694574085894
6170 0.0027269605187493296
6180 0.002675717527485078
6190 0.0025913511552536103
6200 0.0024837443677784665
6210 0.0023768206594722407
6220 0.0022854146630803154
6230 0.0022190354999427403
6240 0.002191906533530764
6250 0.002198839045928369
6260 0.002233994389901293
6270 0.0022996500953062996
6280 0.0022968993516874797
6290 0.0023708484097206455
6300 0.0023461221272236535
# 6310 0.0022643376334769956
# 6320 0.002100202118911719
# 6330 0.0018704147899710896
# 6340 0.0016174017506577361
# 6350 0.0013686237218185882
# 6360 0.001150968511011062
# 6370 0.0009724754652667185
# 6380 0.0008334020647383574
# 6390 0.0007263171625004458
# 6400 0.0006479618757172396
# 6410 0.0005914696230982169
# 6420 0.000552036932022241
# 6430 0.0005293718400147745
# 6440 0.0005211820823338246
# 6450 0.0005277954857975462
# 6460 0.0005479428847459729
# 6470 0.0005810097071555553
# 6480 0.0006363029230838786
# 6490 0.0007181802357903967
# 6500 0.0008293513378357705
# 6510 0.0009729389433304655
# 6520 0.001137430034245842
# 6530 0.0013242138161753748
# 6540 0.0014824616832563547
# 6550 0.0015673118186988117
# 6560 0.0015563370829740134
# 6570 0.001443133875104805
# 6580 0.0012668410521993803
# 6590 0.0010726731866846887
# 6600 0.000888115395887743
# 6610 0.000742085473663997
# 6620 0.0006256062970917933
# 6630 0.0005404797102597034
# 6640 0.0004770619441521248
# 6650 0.00042913731697340136
# 6660 0.0003961414088776413
# 6670 0.0003690744659298767
# 6680 0.0003522070025305576
# 6690 0.0003429098033644926
# 6700 0.0003381569582526182
# 6710 0.000332755543743022
# 6720 0.00033941317497554555
# 6730 0.0003440226681278613
# 6740 0.0003519941187743045
# 6750 0.0003665616507323189
# 6760 0.000379093593202421
# 6770 0.00039968856322427585
# 6780 0.0004204113272875279
# 6790 0.0004463244316103009
# 6800 0.00047656676169426993
# 6810 0.0005129722395835973
# 6820 0.0005600357484320904
# 6830 0.0006113475784606927
# 6840 0.0006803232127159645
# 6850 0.0007649686396174132
# 6860 0.0008638064708130179
# 6870 0.0008089323522813657
# 6880 0.0010057681599664097
# 6890 0.0011445011383599446
# 6900 0.0012766000458355683
# 6910 0.0014071224305770777
# 6920 0.0014563462073613539
# 6930 0.0014132760286694013
# 6940 0.0012925011174375264
# 6950 0.0011318012583569185
# 6960 0.0009515629030653371
# 6970 0.0008006408497147737
# 6980 0.0006657556846832287
# 6990 0.0005567338582897611
# 7000 0.00047626820761945284
# 7010 0.00041729889966176336
# 7020 0.0003707612308246116
# 7030 0.0003367268951803383
# 7040 0.0003129645505486308
# 7050 0.00029809271147939636
# 7060 0.0002876400076696428
# 7070 0.00028434119432855875
# 7080 0.0002862875453145837
# 7090 0.00029318994142265133
# 7100 0.000306793789775021
# 7110 0.0003230919203454216
# 7120 0.00034867310224328445
# 7130 0.0003813984458883364
# 7140 0.0004208576316451808
# 7150 0.00046200030518932076
# 7160 0.0005113808595166819
# 7170 0.0005402773377009379
# 7180 0.0005586625461791721
# 7190 0.0005704615534068121
# 7200 0.0005777574885584226
# 7210 0.0005648016051890689
# 7220 0.000541136240999773
# 7230 0.00048581358616941745
# 7240 0.00042832279983520644
# 7250 0.0003823384520056419
# 7260 0.00034818056435171864
# 7270 0.0003116312251198909
# 7280 0.0002809209723214175
# 7290 0.00026257926189281454
# 7300 0.0002481264708601846
# 7310 0.00023576501347585962
# 7320 0.00022932550713189667
# 7330 0.00022823699241248733
# 7340 0.00022819092031905897
# 7350 0.00023539085330303737
# 7360 0.00024046374657402968
# 7370 0.0002557196845662081
# 7380 0.00027139177555702106
# 7390 0.00030041038245167746
# 7400 0.0003331512604740963
# 7410 0.000371787157981153
# 7420 0.00042233319143716186
# 7430 0.00048104536733271143
# 7440 0.0005508412502034433
# 7450 0.0006216016972258075
# 7460 0.0006950453804999182
# 7470 0.0007490252335481405
# 7480 0.0007885685490311608
# 7490 0.0007982310942405662
# 7500 0.0007798046881825523
# 7510 0.0007339001614190376
# 7520 0.0006704994322101585
# 7530 0.000601046590087038
# 7540 0.0005355016896172209
# 7550 0.000475236380335454
# 7560 0.00042728793860178645
# 7570 0.00038580199951367117
# 7580 0.0003557150760402591
# 7590 0.00032379741717252354
# 7600 0.00014113459900877645
# 7610 0.00010209375067333263
# 7620 0.00020328388407651077
# 7630 0.00013589272110086978
# 7640 0.0001606366786508893
# 7650 0.00017191668090644992
# 7660 0.00018366564467609038
# 7670 0.00018945150364301172
# 7680 0.0001930292654448222
# 7690 0.00018472783500667257
# 7700 0.00017298726488419042
# 7710 0.00016069421535219128
# 7720 0.00014600053255883297
# 7730 0.00013292963371573264
# 7740 0.0001210962742215931
# 7750 0.00011035564624239305
# 7760 9.754187554716311e-05
# 7770 8.694131258912648e-05
# 7780 7.76251140128683e-05
# 7790 6.992226405523708e-05
# 7800 6.0449286489665646e-05
# 7810 5.636646581879655e-05
# 7820 4.981094445641682e-05
# 7830 4.614322758514788e-05
# 7840 4.204631402662866e-05
# 7850 4.0848071291832354e-05
# 7860 3.4804063567261326e-05
# 7870 3.472220588837402e-05
# 7880 3.195272131864805e-05
# 7890 3.0413901089025873e-05
# 7900 2.8248806711539066e-05
# 7910 2.7020062402321932e-05
# 7920 2.580663382669251e-05
# 7930 2.538806705576904e-05
# 7940 2.4593514146157377e-05
# 7950 2.424726091657309e-05
# 7960 2.382123739281649e-05
# 7970 2.363681922788943e-05
# 7980 2.542429839967972e-05
# 7990 2.3734684221348904e-05
# 8000 2.4384536804590856e-05
# 8010 2.3788829495487567e-05
# 8020 2.4556084537844214e-05
# 8030 2.4190405182783603e-05
# 8040 2.6295982747959506e-05
# 8050 2.7662610205446214e-05
# 8060 2.749813736257987e-05
# 8070 2.9892857834467944e-05
# 8080 3.3197961635294365e-05
# 8090 3.6741652732474956e-05
# 8100 3.9378190720838145e-05
# 8110 4.224825381311952e-05
# 8120 4.690375514800522e-05
# 8130 5.5140107275784505e-05
# 8140 6.190372833534008e-05
# 8150 7.022087293472773e-05
# 8160 8.175507327311391e-05
# 8170 9.774191701789017e-05
# 8180 0.00011875184306067717
# 8190 0.00015230415085943424
# 8200 0.00019165868346394187
# 8210 0.00026253457630706975
# 8220 0.0003520531237741701
# 8230 0.0004484013384057978
# 8240 0.0006688404670318026
# 8250 0.0008884389846195071
# 8260 0.0010829732783266322
# 8270 0.0012022224216624857
# 8280 0.0011271295339513848
# 8290 0.0010217556324890625
# 8300 0.0008271291290830157
# 8310 0.0006545358630238135
# 8320 0.0005193919910295577
# 8330 0.0004308972940165258
# 8340 0.00035276865870738437
# 8350 0.00030218163830810657
# 8360 0.00026664634722962623
# 8370 0.00024151160632693297
# 8380 0.0002141717663168005
# 8390 0.00020879393121813454
# 8400 0.00018947470236091847
# 8410 0.00018769751218992124
# 8420 0.00018038382646519839
# 8430 0.00018058425579992954
# 8440 0.00018203464671742706
# 8450 0.00018670268759882495
# 8460 0.0001879915684625792
# 8470 0.00019351513957890728
# 8480 0.0002012961287220529
# 8490 0.000216432254308115
# 8500 0.00023214822507815617
# 8510 0.00024547040874199166
# 8520 0.00026958676992432556
# 8530 0.0002849158500686156
# 8540 0.000303048202540761
# 8550 0.0003187330898719701
# 8560 0.000336437535943594
# 8570 0.00034921701758280124
# 8580 0.0003474399497402967
# 8590 0.00034265892628273224
# 8600 0.00033782991584147096
# 8610 0.0003192974801452773
# 8620 0.0002900798755493889
# 8630 0.0002808458047793937
# 8640 0.0002426823735864346
# 8650 0.00023071010046313422
# 8660 0.00020939281057444765
# 8670 0.00019927851372955873
# 8680 0.00016743944531631892
# 8690 0.00017242764193126523
# 8700 0.00014211539695415634
# 8710 0.00014116175168003403
# 8720 0.0001271764002236111
# 8730 0.00013263128745577394
# 8740 0.00012087423020194188
# 8750 0.00011836252404311374
# 8760 0.00010076529785572094
# 8770 0.00010573027328009402
# 8780 9.955754117684538e-05
# 8790 9.953504257437122e-05
# 8800 8.37649908579557e-05
# 8810 0.00010786831858013253
# 8820 8.425734208902703e-05
# 8830 9.113273367720393e-05
# 8840 0.00012305201373928005
# 8850 8.289791746537208e-05
# 8860 0.00012023597017873066
# 8870 0.0001249762726789129
# 8880 0.00011528672193466483
# 8890 0.000139716891430601
# 8900 0.00012296558454366716
# 8910 0.00012361817935180203
# 8920 0.00014945042981979445
# 8930 9.153031165684677e-05
# 8940 0.00017146152362824155
# 8950 0.00020857850782782746
# 8960 0.00020624348521043013
# 8970 0.00022792197859011556
# 8980 0.00021264831340996984
# 8990 0.00017744028970523274