# GOTO complete transmission with L filter at zenith
# Source: Product of `GOTO_L_noatm.data` and `atm.data`
# Wavelength(AA) Throughput(0-1)
# 3000 1.4799520258160592e-15
# 3010 -5.593579652993452e-16
# 3020 -4.711620202140909e-14
# 3030 8.995996099445476e-15
# 3040 2.4878984855204645e-13
# 3050 2.641109935023804e-13
# 3060 -2.6136149164710896e-12
# 3070 -7.174013584525708e-12
# 3080 -2.4056932711312233e-12
# 3090 -1.744612541356907e-11
# 3100 -1.053054204436034e-11
# 3110 -1.6646730241249337e-11
# 3120 9.014530652280067e-11
# 3130 -2.1814345682927223e-10
# 3140 2.1338884876695378e-10
# 3150 6.844502950720858e-11
# 3160 1.6744596176745567e-12
# 3170 -3.8438656766537115e-10
# 3180 4.660131046894791e-10
# 3190 4.376080521730026e-10
# 3200 1.4114036104621645e-10
# 3210 -1.3803040240411853e-09
# 3220 -2.325755285257374e-10
# 3230 -6.367001531470864e-10
# 3240 -1.5950379159087793e-09
# 3250 -1.9685884674059526e-09
# 3260 -5.84739184139299e-09
# 3270 -5.795382614661349e-09
# 3280 -9.786964562346158e-10
# 3290 -1.5643106512632152e-09
# 3300 -5.7257447368541214e-09
# 3310 5.13369496653275e-09
# 3320 1.1981026255285802e-08
# 3330 -7.318970229211214e-09
# 3340 6.590186514731527e-10
# 3350 -1.2570633268696363e-08
# 3360 -1.2486168434618628e-08
# 3370 3.613327026044055e-09
# 3380 8.050353856058794e-09
# 3390 2.1542514127708147e-08
# 3400 -7.182876502310238e-09
# 3410 2.7941615896932346e-08
# 3420 3.417558548139963e-08
# 3430 4.968102001775461e-08
# 3440 4.3905581626641835e-08
# 3450 1.230175437675087e-08
# 3460 2.3400809495694533e-09
# 3470 -1.3008923401967512e-08
# 3480 1.3234204552065053e-08
# 3490 6.643822522583272e-08
# 3500 6.264759029631032e-09
# 3510 4.908124117866755e-08
# 3520 6.045604294781003e-08
# 3530 3.684644913260159e-09
# 3540 2.2674726621208056e-08
# 3550 -3.902686601113534e-09
# 3560 2.420520004940868e-08
# 3570 -2.087242556141535e-08
# 3580 5.8150107219908976e-08
# 3590 7.522357166110514e-08
# 3600 4.795133134436751e-08
# 3610 2.337449289356831e-08
# 3620 3.30788001586254e-08
# 3630 3.596439782406508e-08
# 3640 5.86392701087705e-08
# 3650 -5.482770113678284e-09
# 3660 -7.276759879568752e-08
# 3670 -4.783560699365893e-09
# 3680 2.82318993093853e-08
# 3690 -2.647303108965312e-07
3700 -9.461632820402213e-08
3710 -2.415716363970661e-07
3720 -1.6273746671296043e-08
3730 -9.405883585495856e-08
3740 2.4164862755551644e-07
3750 2.3800529683787227e-07
3760 1.022521215278952e-06
3770 1.3029258377345051e-06
3780 2.3832817380503508e-06
3790 4.4968316471205895e-06
3800 6.621157479923035e-06
3810 9.118140379109036e-06
3820 1.111834222080618e-05
3830 1.3982366023925363e-05
3840 1.7863614756874914e-05
3850 2.211365453890286e-05
3860 2.861146234082694e-05
3870 3.565847496335427e-05
3880 4.33860902646473e-05
3890 5.321862496561271e-05
3900 6.380373688676093e-05
3910 7.85737933477886e-05
3920 9.70740135553928e-05
3930 0.00012318482103104443
3940 0.00015615101942747248
3950 0.0001954034703022075
3960 0.00024249755219888017
3970 0.00029580710447336527
3980 0.00035511126139722865
3990 0.00042784160561937343
4000 0.0005205812911344198
4010 0.0006361555102355303
4020 0.0007853214617701521
4030 0.0009689130477465598
4040 0.001185091789159657
4050 0.0014177982121231726
4060 0.0016723241449521512
4070 0.0019432917450925141
4080 0.0022511419711995716
4090 0.0026224835696975735
4100 0.0031088054024121276
4110 0.003777226264799992
4120 0.004708601913279392
4130 0.0060399039582982724
4140 0.007910627072320611
4150 0.010616522752319607
4160 0.014312453818864408
4170 0.01969540678506387
4180 0.026895227429494437
4190 0.037480903817333426
4200 0.052200249762175834
4210 0.07209201085862917
4220 0.09720751906244914
4230 0.12583533836830968
4240 0.15498591026488248
4250 0.18105038267308637
4260 0.20012219665337122
4270 0.21377439511270258
4280 0.22301167006820014
4290 0.23050492979016382
4300 0.23614635675268675
4310 0.24132174451435823
4320 0.2455872534513706
4330 0.2501687258882054
4340 0.2536091300469731
4350 0.2568911132784172
4360 0.25988919512931485
4370 0.2627976438448259
4380 0.26597536478737416
4390 0.26830924606939366
4400 0.2708128533846291
4410 0.2733268350962385
4420 0.27549969646792966
4430 0.2774631286299632
4440 0.2794886157030271
4450 0.2820329014821094
4460 0.2853149881466294
4470 0.28952814646849484
4480 0.29391373235509394
4490 0.2989239229710651
4500 0.3033526544045095
4510 0.3082468319097172
4520 0.31223494918452116
4530 0.3158408538930991
4540 0.3187444805595017
4550 0.32248398284603047
4560 0.3258357566214065
4570 0.32845424505425563
4580 0.3313710062674964
4590 0.3344293661117292
4600 0.33698018505050353
4610 0.3381349942308652
4620 0.33873804686515063
4630 0.3397354694848964
4640 0.34048293065515306
4650 0.34191938405110195
4660 0.3432480948883049
4670 0.34518243429666795
4680 0.34758268407655313
4690 0.3504086210693121
4700 0.35359195413544736
4710 0.3568762000627438
4720 0.3600641042183405
4730 0.3622511150889184
4740 0.3638363238436839
4750 0.3646940081665154
4760 0.36498980116645413
4770 0.36525670373973146
4780 0.36534225678073723
4790 0.36619754237920443
4800 0.36726611060411585
4810 0.36952317117364175
4820 0.3717422403971283
4830 0.37491194587204923
4840 0.3778322502775677
4850 0.3815655082933148
4860 0.385194324189199
4870 0.3883960266884586
4880 0.3912671963274999
4890 0.39328081708076046
4900 0.3948110618842717
4910 0.39626280318131935
4920 0.39703742471786957
4930 0.3975893450670714
4940 0.3979384912124119
4950 0.398647722546092
4960 0.3987288414645536
4970 0.39915112397697633
4980 0.3994130754002371
4990 0.40018816551271724
5000 0.4006298331552394
5010 0.4012050024570476
5020 0.4016685763314756
5030 0.4025548154789686
5040 0.40340846091536486
5050 0.40533501141221917
5060 0.4073198683782888
5070 0.4094075979408963
5080 0.41239415595048634
5090 0.41531454299101855
5100 0.4190738537955491
5110 0.42240549800757987
5120 0.4261069146443196
5130 0.4295489353989284
5140 0.4326209972255267
5150 0.43508931831209446
5160 0.4377130875900644
5170 0.43920291744256773
5180 0.4405773767666732
5190 0.4412919215586457
5200 0.4416723061844338
5210 0.4409617870514896
5220 0.4401926168312072
5230 0.43938849588432305
5240 0.4388702553509728
5250 0.43887518347268833
5260 0.4388986832788097
5270 0.43970236633798654
5280 0.440630754260951
5290 0.44211267253664266
5300 0.4433467535518622
5310 0.44564680856924016
5320 0.44725294603238935
5330 0.4492140059804696
5340 0.45060522455144403
5350 0.4521746220007677
5360 0.45331589538225364
5370 0.454067005014053
5380 0.45400635590341415
5390 0.4540712914917707
5400 0.4538313933752069
5410 0.45313048591481975
5420 0.452307569952335
5430 0.4516309376624459
5440 0.4515055912595159
5450 0.45130033837759786
5460 0.4515296570426487
5470 0.45186068764150716
5480 0.4528837731923406
5490 0.4536359455191134
5500 0.4548386249851261
5510 0.45607338536610625
5520 0.4567770104160756
5530 0.4573442445401894
5540 0.4579637111845706
5550 0.45845941254559075
5560 0.4586175533191351
5570 0.4582731141578538
5580 0.45785493888519657
5590 0.45713961217897287
5600 0.45646023164618177
5610 0.4550574687891299
5620 0.45366947353807324
5630 0.452505325932672
5640 0.4515510978046261
5650 0.45033769982961414
5660 0.44980182428086096
5670 0.44878356460911023
5680 0.4481793534460926
5690 0.4477726553734589
5700 0.4475642422248029
5710 0.44764654167333034
5720 0.4473073640143154
5730 0.44721132628833055
5740 0.4471788010099289
5750 0.44727721569875
5760 0.44729812968949345
5770 0.44746526347004034
5780 0.44778319278023704
5790 0.4478190709272393
5800 0.4484101260630247
5810 0.44805196262502345
5820 0.4474573465114349
5830 0.4466328522596683
5840 0.445633274481013
5850 0.4443926040978807
5860 0.44308293030590384
5870 0.4416996450818748
5880 0.43955645052336645
5890 0.4366766580712501
5900 0.4347596505742713
5910 0.4339383699223321
5920 0.4316154266115873
5930 0.4303213908481984
5940 0.4284705519822149
5950 0.42633215294047216
5960 0.42545491257151535
5970 0.42338473361754847
5980 0.4223228120979196
5990 0.42052654008701956
6000 0.4191082419784783
6010 0.41904829888952144
6020 0.41847027201095555
6030 0.41842067475562905
6040 0.4182731321964908
6050 0.41833200873892673
6060 0.4182943537910453
6070 0.4182016663591126
6080 0.41800995751775244
6090 0.41810169635523853
6100 0.4180697072774458
6110 0.41771177495639567
6120 0.41756018648877713
6130 0.4169775853013687
6140 0.4167194263148087
6150 0.4162378451538571
6160 0.4156846425740361
6170 0.41540469880339886
6180 0.41448114362816496
6190 0.4139031713794239
6200 0.4132565602733109
6210 0.4120088554863961
6220 0.4102966227617361
6230 0.4090302647226461
6240 0.4075411510838158
6250 0.40586039369172056
6260 0.4045284191379886
6270 0.40306804644266575
6280 0.3922014960389353
6290 0.39709007955876785
6300 0.3948275694454638
6310 0.3967054296695591
6320 0.396504851089841
6330 0.3963137965607852
6340 0.3956431210602472
6350 0.3948418390673902
6360 0.39433386962301586
6370 0.3937479061265528
6380 0.39344850346911653
6390 0.3927706051135131
6400 0.39256888409188095
6410 0.3920556328849817
6420 0.3915411168300911
6430 0.3908102599087375
6440 0.3902882116580449
6450 0.389838853643812
6460 0.3887050887682532
6470 0.3869218894450388
6480 0.38515235238127127
6490 0.3839433282107109
6500 0.38338011604434086
6510 0.3821047209453383
6520 0.37907594647847104
6530 0.37838923536729635
6540 0.3766895679420101
6550 0.3740269231231559
6560 0.37300781711879033
6570 0.37108418509219915
6580 0.369556782121939
6590 0.3682592064108373
6600 0.36694956682006763
6610 0.36593421800710996
6620 0.3648965704388056
6630 0.3640685769259717
6640 0.36368730576037284
6650 0.36340095534185923
6660 0.3633647730259741
6670 0.36356574005439773
6680 0.3638046738345561
6690 0.36366715872098665
6700 0.3633762899518044
6710 0.3622909651017997
6720 0.3596129198892907
6730 0.3544846873343751
6740 0.3462790250482131
6750 0.333967189315979
6760 0.3169529977556751
6770 0.29458096612098594
6780 0.2678561290304735
6790 0.23724764567810733
6800 0.2053803496549329
6810 0.17247308740726164
6820 0.14229958307163626
6830 0.11485952972547975
6840 0.09144038683110403
6850 0.07193317371065192
6860 0.056131989037665996
6870 0.03577190840137439
6880 0.030315798373495406
6890 0.02379803896680429
6900 0.018855572461745754
6910 0.015364949569813985
6920 0.012365000667893018
6930 0.009921235717731703
6940 0.007953642250043481
6950 0.00641705802428813
6960 0.005167479443392261
6970 0.004235656267499347
6980 0.0034435579836909185
6990 0.0027989671349179664
7000 0.0023099241645554835
7010 0.0019096933325640916
7020 0.0015828548148685174
7030 0.0013212906649248562
7040 0.0011148681020078965
7050 0.0009410021764817731
7060 0.000796687088022303
7070 0.0006798717736413482
7080 0.0005818417441172516
7090 0.0005003076528083927
7100 0.0004314031901489271
7110 0.000371537011847542
7120 0.00032559036831627484
7130 0.0002813788418256373
7140 0.0002464428860341797
7150 0.00021637562500083786
7160 0.0001888806963984277
7170 0.0001643036982299805
7180 0.00014692048738548677
7190 0.00012394717736856798
7200 0.00011275273211227676
7210 0.00010246166860127708
7220 9.300650387124284e-05
7230 8.347697004810156e-05
7240 7.403797178935613e-05
7250 6.633952087580675e-05
7260 6.137473131765726e-05
7270 5.613618768224007e-05
7280 5.032385767482719e-05
7290 4.555949419081787e-05
7300 4.234092023330098e-05
# 7310 3.7951296006057044e-05
# 7320 3.498240360383087e-05
# 7330 3.2437278662218945e-05
# 7340 2.9169735840393654e-05
# 7350 2.7681610154750822e-05
# 7360 2.569027523463151e-05
# 7370 2.4132287810776776e-05
# 7380 2.2475822254952153e-05
# 7390 2.004606320055074e-05
# 7400 1.9020913829066272e-05
# 7410 1.825686874558834e-05
# 7420 1.8493904360829886e-05
# 7430 1.6295426019991307e-05
# 7440 1.5711321868905693e-05
# 7450 1.542525260539601e-05
# 7460 1.534794111419783e-05
# 7470 1.2953932434194905e-05
# 7480 1.3362956427470896e-05
# 7490 1.233486412102885e-05
# 7500 1.1614314037917826e-05
# 7510 1.0081980815370586e-05
# 7520 1.169976718898384e-05
# 7530 9.322507411899776e-06
# 7540 9.381629018848182e-06
# 7550 9.394122746885432e-06
# 7560 1.0060099662345051e-05
# 7570 9.353243137089343e-06
# 7580 8.812072570377902e-06
# 7590 8.653441658103786e-06
# 7600 4.199552921140698e-06
# 7610 2.7709628567900015e-06
# 7620 5.966087765872002e-06
# 7630 4.322729119893259e-06
# 7640 4.831240063410349e-06
# 7650 5.369119276004186e-06
# 7660 5.8284608389334555e-06
# 7670 4.835609455811129e-06
# 7680 6.029424364448669e-06
# 7690 5.817142629663779e-06
# 7700 5.572056817867575e-06
# 7710 5.417138323822343e-06
# 7720 4.840851444854036e-06
# 7730 5.258246254123966e-06
# 7740 4.976064946562979e-06
# 7750 5.155567983845147e-06
# 7760 4.209184317594732e-06
# 7770 5.461656519755e-06
# 7780 5.045693714433309e-06
# 7790 5.263268915084245e-06
# 7800 5.096894054969863e-06
# 7810 5.532276798165012e-06
# 7820 5.189689637642879e-06
# 7830 5.100073681268718e-06
# 7840 4.682547858845364e-06
# 7850 5.407519313834906e-06
# 7860 5.139586640788022e-06
# 7870 3.7451650528397874e-06
# 7880 4.627020933000713e-06
# 7890 5.537668597917171e-06
# 7900 4.8757132156694245e-06
# 7910 5.714897845217366e-06
# 7920 6.079737960457783e-06
# 7930 5.489089442197071e-06
# 7940 5.473196368179136e-06
# 7950 6.174175060319134e-06
# 7960 5.389332927767511e-06
# 7970 5.662513099618388e-06
# 7980 5.342521867774996e-06
# 7990 5.709041596955869e-06
# 8000 6.000036063270893e-06
# 8010 5.8296019669877325e-06
# 8020 6.455943197070498e-06
# 8030 6.406156280568882e-06
# 8040 5.920602195351421e-06
# 8050 6.691118197343177e-06
# 8060 6.7477303877806374e-06
# 8070 6.766277148411407e-06
# 8080 6.1205892382175626e-06
# 8090 7.338824612931295e-06
# 8100 8.328983224208692e-06
# 8110 7.765971392927092e-06
# 8120 8.292395459765216e-06
# 8130 9.537873735439157e-06
# 8140 9.278733591946388e-06
# 8150 8.883518740423947e-06
# 8160 8.075647163898056e-06
# 8170 9.02816633064154e-06
# 8180 8.630459022528114e-06
# 8190 9.144970097494144e-06
# 8200 1.0504847315343172e-05
# 8210 9.872089297594443e-06
# 8220 1.1427537988495477e-05
# 8230 1.1905706393644505e-05
# 8240 1.2334376393268325e-05
# 8250 1.3022394843162914e-05
# 8260 1.2227862007223595e-05
# 8270 1.2807841452693647e-05
# 8280 1.2647572361139203e-05
# 8290 1.2392865534389233e-05
# 8300 1.2903244006194392e-05
# 8310 1.3683896090201366e-05
# 8320 1.5566335166977712e-05
# 8330 1.646041412711126e-05
# 8340 1.699735308490135e-05
# 8350 1.8774235034186873e-05
# 8360 1.7887887733789873e-05
# 8370 1.9372642259239956e-05
# 8380 1.8306634560683927e-05
# 8390 1.818250150905584e-05
# 8400 1.6378558385628637e-05
# 8410 1.825565585524525e-05
# 8420 2.0014377134665865e-05
# 8430 1.822673659588147e-05
# 8440 1.7936767067802017e-05
# 8450 1.6413591689294383e-05
# 8460 1.7528039466984093e-05
# 8470 1.6564574025275283e-05
# 8480 1.5073764153180179e-05
# 8490 1.4351005689465153e-05
# 8500 1.3425317758498688e-05
# 8510 1.183394121413033e-05
# 8520 9.513725938659939e-06
# 8530 1.017603310273951e-05
# 8540 1.0552945778243858e-05
# 8550 1.2070215796830659e-05
# 8560 8.449064078352088e-06
# 8570 9.213653167536218e-06
# 8580 5.527903517710627e-06
# 8590 8.442586057731348e-06
# 8600 3.980993181411607e-06
# 8610 3.8057554803352047e-06
# 8620 5.325360898160626e-06
# 8630 7.528181618484717e-06
# 8640 4.792309004473458e-06
# 8650 3.241486084339326e-06
# 8660 5.751401953811216e-06
# 8670 1.8180147317239156e-06
# 8680 2.7116544366597816e-06
# 8690 2.3442846597304512e-06
# 8700 2.1556471816251125e-06
# 8710 8.415623651003276e-07
# 8720 2.7213923442520415e-06
# 8730 3.174469772541205e-06
# 8740 2.0888658485667843e-06
# 8750 -1.9998271702172823e-09
# 8760 -4.847411642069801e-07
# 8770 8.515845297793378e-06
# 8780 9.593646503815055e-06
# 8790 -1.8453929425408114e-06
# 8800 1.3268859855298163e-05
# 8810 1.1519816188004613e-06
# 8820 3.100056922527328e-06
# 8830 1.8484615055928273e-06
# 8840 -3.246460345288342e-06
# 8850 6.703336745739068e-06
# 8860 1.92078966141083e-06
# 8870 -1.3336209225774319e-05
# 8880 6.487905955659342e-06
# 8890 4.394512707530158e-06
# 8900 5.636607728197405e-06
# 8910 9.869152412595512e-06
# 8920 -3.1498831468623936e-06
# 8930 1.0129564170248308e-05
# 8940 1.6296796425029324e-05
# 8950 -4.365454547698524e-06
# 8960 -1.1590040722534425e-05
# 8970 8.81063340994033e-06
# 8980 7.890295524359508e-06
# 8990 4.650215189139637e-06
