0.0
35880.0 0.000327
35970.0 0.000383
36060.0 0.001294
36150.0 0.001160
36240.0 0.001266
36340.0 0.001355
36430.0 0.001352
36520.0 0.000821
36610.0 0.000776
36700.0 0.000625
36790.0 0.000229
36880.0 0.000651
36980.0 0.000682
37070.0 0.000556
37160.0 0.000460
37250.0 0.000627
37340.0 0.000858
37430.0 0.000743
37520.0 0.000831
37610.0 0.000534
37710.0 0.000523
37800.0 0.000293
37890.0 0.000442
37980.0 0.000197
38070.0 0.000451
38160.0 0.000082
38250.0 0.000354
38350.0 0.000268
38440.0 0.000191
38530.0 0.000142
38620.0 0.000466
38710.0 0.000512
38800.0 0.000830
38890.0 0.001123
38980.0 0.002191
39080.0 0.003262
39170.0 0.005645
39260.0 0.008842
39350.0 0.013890
39440.0 0.021030
39530.0 0.031740
39620.0 0.048070
39720.0 0.074580
39810.0 0.121100
39900.0 0.196400
39990.0 0.302800
40080.0 0.418200
40170.0 0.504800
40260.0 0.544100
40350.0 0.548500
40450.0 0.539900
40540.0 0.523800
40630.0 0.507000
40720.0 0.489400
40810.0 0.473800
40900.0 0.463200
40990.0 0.457700
41090.0 0.459500
41180.0 0.466700
41270.0 0.480900
41360.0 0.500700
41450.0 0.525300
41540.0 0.556200
41630.0 0.582000
41730.0 0.607500
41820.0 0.628200
41910.0 0.647400
42000.0 0.658600
42090.0 0.668400
42180.0 0.673800
42270.0 0.674400
42360.0 0.672400
42460.0 0.668200
42550.0 0.658600
42640.0 0.649700
42730.0 0.642000
42820.0 0.638800
42910.0 0.637000
43000.0 0.644600
43100.0 0.652600
43190.0 0.662400
43280.0 0.671500
43370.0 0.680700
43460.0 0.687100
43550.0 0.691100
43640.0 0.694800
43730.0 0.699900
43830.0 0.705000
43920.0 0.710500
44010.0 0.717800
44100.0 0.724000
44190.0 0.729600
44280.0 0.733200
44370.0 0.736500
44470.0 0.736400
44560.0 0.736100
44650.0 0.735700
44740.0 0.732500
44830.0 0.730100
44920.0 0.726400
45010.0 0.718300
45110.0 0.711000
45200.0 0.704400
45290.0 0.696900
45380.0 0.690600
45470.0 0.686800
45560.0 0.681900
45650.0 0.680500
45740.0 0.677000
45840.0 0.674000
45930.0 0.668500
46020.0 0.664500
46110.0 0.656700
46200.0 0.647400
46290.0 0.637500
46380.0 0.632000
46480.0 0.632700
46570.0 0.634000
46660.0 0.639800
46750.0 0.644300
46840.0 0.650700
46930.0 0.656000
47020.0 0.662000
47110.0 0.666100
47210.0 0.665000
47300.0 0.664400
47390.0 0.657900
47480.0 0.654000
47570.0 0.646500
47660.0 0.638500
47750.0 0.632300
47850.0 0.621400
47940.0 0.615400
48030.0 0.610200
48120.0 0.604300
48210.0 0.602000
48300.0 0.597900
48390.0 0.598500
48490.0 0.597900
48580.0 0.597100
48670.0 0.596600
48760.0 0.595800
48850.0 0.595400
48940.0 0.595500
49030.0 0.596500
49120.0 0.595700
49220.0 0.593000
49310.0 0.586100
49400.0 0.569700
49490.0 0.550100
49580.0 0.526400
49670.0 0.506000
49760.0 0.495500
49860.0 0.498800
49950.0 0.511200
50040.0 0.498000
50130.0 0.411700
50220.0 0.265200
50310.0 0.134500
50400.0 0.059720
50490.0 0.026100
50590.0 0.012080
50680.0 0.005874
50770.0 0.002938
50860.0 0.001501
50950.0 0.000814
51040.0 0.000401
51130.0 0.000511
51230.0 0.000407
51320.0 0.000272
51410.0 0.000188
51500.0 0.000133
51590.0 0.000085
51680.0 0.000119
51770.0 0.000138
51870.0 0.000113
51960.0 0.000103
52050.0 0.000117
52140.0 0.000135
52230.0 0.000142
52320.0 0.000168
52410.0 0.000138
52500.0 0.000070
52600.0 0.000033
52690.0 0.000000
52780.0 0.000000
52870.0 0.000000
52960.0 0.000000
53050.0 0.000000
53140.0 0.000000
53240.0 0.000000
53330.0 0.000000
53420.0 0.000000
53510.0 0.000000
53600.0 0.000000
53690.0 0.000000
53780.0 0.000000
53870.0 0.000000
53970.0 0.000000
54060.0 0.000000
54150.0 0.000000
