0.0
      7740.00      0.00000
      7775.00      0.00000
      7810.00   0.00864947
      7845.00    0.0164606
      7880.00    0.0337924
      7915.00    0.0541252
      7950.00    0.0800464
      7985.00     0.133887
      8020.00     0.244023
      8055.00     0.369628
      8090.00     0.427063
      8125.00     0.453616
      8160.00     0.456050
      8195.00     0.436555
      8230.00     0.407211
      8265.00     0.401030
      8300.00     0.419992
      8335.00     0.440333
      8370.00     0.458750
      8405.00     0.443747
      8440.00     0.429701
      8475.00     0.375622
      8510.00     0.368755
      8545.00     0.456631
      8580.00     0.405107
      8615.00     0.367411
      8650.00     0.445707
      8685.00     0.503772
      8720.00     0.526749
      8755.00     0.468382
      8790.00     0.368778
      8825.00     0.321152
      8860.00     0.268390
      8895.00     0.248024
      8930.00     0.299443
      8965.00     0.300734
      9000.00     0.263192
      9035.00     0.332871
      9070.00     0.478640
      9105.00     0.534366
      9140.00     0.560103
      9175.00     0.590177
      9210.00     0.596136
      9245.00     0.584051
      9280.00     0.538765
      9315.00     0.524263
      9350.00     0.558658
      9385.00     0.588316
      9420.00     0.605530
      9455.00     0.616033
      9490.00     0.626059
      9525.00     0.637764
      9560.00     0.625596
      9595.00     0.626818
      9630.00     0.663804
      9665.00     0.681896
      9700.00     0.687236
      9735.00     0.702880
      9770.00     0.704881
      9805.00     0.715872
      9840.00     0.734113
      9875.00     0.719495
      9910.00     0.717120
      9945.00     0.747189
      9980.00     0.755629
      10015.0     0.756587
      10050.0     0.773088
      10085.0     0.772788
      10120.0     0.767512
      10155.0     0.763291
      10190.0     0.732993
      10225.0     0.708982
      10260.0     0.720220
      10295.0     0.734272
      10330.0     0.738769
      10365.0     0.759231
      10400.0     0.786338
      10435.0     0.809264
      10470.0     0.835023
      10505.0     0.809612
      10540.0     0.723480
      10575.0     0.675418
      10610.0     0.710876
      10645.0     0.783487
      10680.0     0.824456
      10715.0     0.807941
      10750.0     0.732754
      10785.0     0.646393
      10820.0     0.624085
      10855.0     0.695028
      10890.0     0.819487
      10925.0     0.911687
      10960.0     0.939833
      10995.0     0.915172
      11030.0     0.844237
      11065.0     0.792864
      11100.0     0.817601
      11135.0     0.890510
      11170.0     0.920331
      11205.0     0.894760
      11240.0     0.882299
      11275.0     0.892409
      11310.0     0.885993
      11345.0     0.871885
      11380.0     0.882674
      11415.0     0.897783
      11450.0     0.876995
      11485.0     0.845469
      11520.0     0.853733
      11555.0     0.897362
      11590.0     0.924913
      11625.0     0.917224
      11660.0     0.906687
      11695.0     0.908576
      11730.0     0.905961
      11765.0     0.898665
      11800.0     0.905696
      11835.0     0.919233
      11870.0     0.902845
      11905.0     0.856261
      11940.0     0.827245
      11975.0     0.848166
      12010.0     0.902547
      12045.0     0.942356
      12080.0     0.944311
      12115.0     0.935403
      12150.0     0.937993
      12185.0     0.943414
      12220.0     0.941325
      12255.0     0.940026
      12290.0     0.943668
      12325.0     0.935344
      12360.0     0.898878
      12395.0     0.854030
      12430.0     0.834952
      12465.0     0.855015
      12500.0     0.897528
      12535.0     0.933163
      12570.0     0.948835
      12605.0     0.955850
      12640.0     0.964394
      12675.0     0.971510
      12710.0     0.974756
      12745.0     0.978018
      12780.0     0.975145
      12815.0     0.939981
      12850.0     0.865373
      12885.0     0.788061
      12920.0     0.753901
      12955.0     0.781753
      12990.0     0.852248
      13025.0     0.905317
      13060.0     0.892016
      13095.0     0.849604
      13130.0     0.845828
      13165.0     0.897848
      13200.0     0.945904
      13235.0     0.904711
      13270.0     0.795855
      13305.0     0.718962
      13340.0     0.730626
      13375.0     0.839556
      13410.0     0.982147
      13445.0      1.00000
      13480.0     0.858606
      13515.0     0.709775
      13550.0     0.638251
      13585.0     0.643325
      13620.0     0.695601
      13655.0     0.751177
      13690.0     0.780966
      13725.0     0.793271
      13760.0     0.819329
      13795.0     0.870116
      13830.0     0.915352
      13865.0     0.900661
      13900.0     0.802061
      13935.0     0.637639
      13970.0     0.447770
      14005.0     0.287642
      14040.0     0.176868
      14075.0     0.109737
      14110.0    0.0710048
      14145.0    0.0484256
      14180.0    0.0344438
      14215.0    0.0251447
      14250.0    0.0187571
      14285.0    0.0141985
      14320.0    0.0109150
      14355.0   0.00839434
      14390.0   0.00692519
      14425.0      0.00000
      14460.0      0.00000
