0.0
      13460.0      0.00000
      13510.0      0.00000
      13560.0   0.00426069
      13610.0   0.00770894
      13660.0    0.0157680
      13710.0    0.0277934
      13760.0    0.0427976
      13810.0    0.0660764
      13860.0     0.112945
      13910.0     0.214358
      13960.0     0.403225
      14010.0     0.589350
      14060.0     0.633307
      14110.0     0.606647
      14160.0     0.602793
      14210.0     0.633866
      14260.0     0.680848
      14310.0     0.720406
      14360.0     0.740007
      14410.0     0.744055
      14460.0     0.742745
      14510.0     0.742463
      14560.0     0.745865
      14610.0     0.751945
      14660.0     0.759740
      14710.0     0.769977
      14760.0     0.782655
      14810.0     0.795059
      14860.0     0.804430
      14910.0     0.809941
      14960.0     0.811763
      15010.0     0.810522
      15060.0     0.806513
      15110.0     0.804529
      15160.0     0.805196
      15210.0     0.807743
      15260.0     0.810794
      15310.0     0.811968
      15360.0     0.809546
      15410.0     0.806367
      15460.0     0.805624
      15510.0     0.806057
      15560.0     0.807488
      15610.0     0.812849
      15660.0     0.822443
      15710.0     0.833079
      15760.0     0.842291
      15810.0     0.847788
      15860.0     0.846806
      15910.0     0.841321
      15960.0     0.834034
      16010.0     0.826462
      16060.0     0.822789
      16110.0     0.822902
      16160.0     0.828481
      16210.0     0.838581
      16260.0     0.851857
      16310.0     0.867680
      16360.0     0.884417
      16410.0     0.900517
      16460.0     0.914939
      16510.0     0.926826
      16560.0     0.936410
      16610.0     0.944312
      16660.0     0.952272
      16710.0     0.959180
      16760.0     0.964938
      16810.0     0.969911
      16860.0     0.973941
      16910.0     0.975892
      16960.0     0.974821
      17010.0     0.969153
      17060.0     0.954800
      17110.0     0.937330
      17160.0     0.918673
      17210.0     0.898126
      17260.0     0.877820
      17310.0     0.859391
      17360.0     0.845548
      17410.0     0.840895
      17460.0     0.848515
      17510.0     0.868332
      17560.0     0.898570
      17610.0     0.936843
      17660.0     0.975653
      17710.0      1.00000
      17760.0     0.993130
      17810.0     0.942134
      17860.0     0.841628
      17910.0     0.698026
      17960.0     0.531538
      18010.0     0.370846
      18060.0     0.241083
      18110.0     0.150352
      18160.0    0.0925752
      18210.0    0.0574921
      18260.0    0.0361791
      18310.0    0.0235744
      18360.0    0.0157288
      18410.0    0.0107182
      18460.0   0.00771520
      18510.0   0.00544799
      18560.0   0.00426031
      18610.0   0.00304035
      18660.0   0.00262314
      18710.0   0.00196820
      18760.0   0.00184165
      18810.0   0.00138858
      18860.0      0.00000
      18910.0      0.00000
