0.0
      2195.00      0.00000
      2200.00      0.00000
      2205.00   0.00129570
      2210.00   0.00135558
      2215.00   0.00152135
      2220.00   0.00173958
      2225.00   0.00222533
      2230.00   0.00281946
      2235.00   0.00366784
      2240.00   0.00458772
      2245.00   0.00535160
      2250.00   0.00603453
      2255.00   0.00620110
      2260.00   0.00622092
      2265.00   0.00625290
      2270.00   0.00633929
      2275.00   0.00700130
      2280.00   0.00791931
      2285.00   0.00976019
      2290.00    0.0119705
      2295.00    0.0150857
      2300.00    0.0184574
      2305.00    0.0213722
      2310.00    0.0240380
      2315.00    0.0250746
      2320.00    0.0256131
      2325.00    0.0257440
      2330.00    0.0258510
      2335.00    0.0270213
      2340.00    0.0286307
      2345.00    0.0316401
      2350.00    0.0351681
      2355.00    0.0397287
      2360.00    0.0446054
      2365.00    0.0492829
      2370.00    0.0538437
      2375.00    0.0573382
      2380.00    0.0605296
      2385.00    0.0635193
      2390.00    0.0665999
      2395.00    0.0711728
      2400.00    0.0764246
      2405.00    0.0844598
      2410.00    0.0936820
      2415.00     0.107054
      2420.00     0.121931
      2425.00     0.140569
      2430.00     0.160388
      2435.00     0.181609
      2440.00     0.203119
      2445.00     0.223718
      2450.00     0.243993
      2455.00     0.264055
      2460.00     0.284317
      2465.00     0.308109
      2470.00     0.333493
      2475.00     0.366077
      2480.00     0.401342
      2485.00     0.444376
      2490.00     0.489885
      2495.00     0.539116
      2500.00     0.588909
      2505.00     0.634566
      2510.00     0.678236
      2515.00     0.714244
      2520.00     0.747363
      2525.00     0.774629
      2530.00     0.799945
      2535.00     0.823828
      2540.00     0.847221
      2545.00     0.871172
      2550.00     0.895090
      2555.00     0.918083
      2560.00     0.940328
      2565.00     0.958300
      2570.00     0.974459
      2575.00     0.985035
      2580.00     0.993538
      2585.00     0.997562
      2590.00      1.00000
      2595.00     0.999612
      2600.00     0.997924
      2605.00     0.992662
      2610.00     0.986404
      2615.00     0.978154
      2620.00     0.969149
      2625.00     0.957926
      2630.00     0.945953
      2635.00     0.932177
      2640.00     0.917855
      2645.00     0.902968
      2650.00     0.888042
      2655.00     0.873888
      2660.00     0.860148
      2665.00     0.847955
      2670.00     0.836413
      2675.00     0.826679
      2680.00     0.817577
      2685.00     0.809309
      2690.00     0.801269
      2695.00     0.792760
      2700.00     0.784625
      2705.00     0.778676
      2710.00     0.772802
      2715.00     0.765703
      2720.00     0.758191
      2725.00     0.750097
      2730.00     0.741845
      2735.00     0.733763
      2740.00     0.725811
      2745.00     0.718782
      2750.00     0.712106
      2755.00     0.706291
      2760.00     0.700741
      2765.00     0.695205
      2770.00     0.689610
      2775.00     0.683173
      2780.00     0.676385
      2785.00     0.668388
      2790.00     0.659911
      2795.00     0.650002
      2800.00     0.639798
      2805.00     0.629976
      2810.00     0.620080
      2815.00     0.610331
      2820.00     0.600681
      2825.00     0.592025
      2830.00     0.583746
      2835.00     0.576881
      2840.00     0.570610
      2845.00     0.566064
      2850.00     0.562127
      2855.00     0.559228
      2860.00     0.556671
      2865.00     0.554408
      2870.00     0.552188
      2875.00     0.549407
      2880.00     0.546352
      2885.00     0.542079
      2890.00     0.537328
      2895.00     0.531403
      2900.00     0.525167
      2905.00     0.518850
      2910.00     0.512349
      2915.00     0.505799
      2920.00     0.499233
      2925.00     0.493074
      2930.00     0.487050
      2935.00     0.481515
      2940.00     0.476122
      2945.00     0.470923
      2950.00     0.465750
      2955.00     0.460434
      2960.00     0.454984
      2965.00     0.448717
      2970.00     0.442082
      2975.00     0.434428
      2980.00     0.426370
      2985.00     0.417737
      2990.00     0.408858
      2995.00     0.399645
      3000.00     0.390116
      3005.00     0.379538
      3010.00     0.368719
      3015.00     0.357139
      3020.00     0.345109
      3025.00     0.330290
      3030.00     0.314203
      3035.00     0.293085
      3040.00     0.270001
      3045.00     0.242137
      3050.00     0.212676
      3055.00     0.182267
      3060.00     0.151829
      3065.00     0.125094
      3070.00    0.0999616
      3075.00    0.0802833
      3080.00    0.0627161
      3085.00    0.0498223
      3090.00    0.0386825
      3095.00    0.0307646
      3100.00    0.0240374
      3105.00    0.0192599
      3110.00    0.0152028
      3115.00    0.0123204
      3120.00   0.00986910
      3125.00   0.00808935
      3130.00   0.00655841
      3135.00   0.00545243
      3140.00   0.00450079
      3145.00   0.00377245
      3150.00   0.00313045
      3155.00   0.00267035
      3160.00   0.00227483
      3165.00   0.00194891
      3170.00   0.00164899
      3175.00   0.00139338
      3180.00   0.00115887
      3185.00   0.00101522
      3190.00  0.000901868
      3195.00  0.000794433
      3200.00  0.000691246
      3205.00  0.000620231
      3210.00  0.000559152
      3215.00  0.000486374
      3220.00  0.000412539
      3225.00  0.000377760
      3230.00  0.000355222
      3235.00  0.000323192
      3240.00  0.000287799
      3245.00  0.000249021
      3250.00  0.000211341
      3255.00  0.000204645
      3260.00  0.000206301
      3265.00  0.000179770
      3270.00  0.000145580
      3275.00  0.000136084
      3280.00  0.000134758
      3285.00  0.000131908
      3290.00  0.000127898
      3295.00  0.000114462
      3300.00  9.80378e-05
      3305.00  8.39612e-05
      3310.00  7.12953e-05
      3315.00  6.75756e-05
      3320.00  6.66371e-05
      3325.00  6.24059e-05
      3330.00  5.70664e-05
      3335.00  5.17344e-05
      3340.00  4.64838e-05
      3345.00  4.23188e-05
      3350.00  3.85252e-05
      3355.00  3.47369e-05
      3360.00  3.10009e-05
      3365.00  2.79544e-05
      3370.00  2.51451e-05
      3375.00  2.23400e-05
      3380.00  1.95851e-05
      3385.00  1.75118e-05
      3390.00  1.56732e-05
      3395.00  1.38374e-05
      3400.00  1.20334e-05
      3405.00  1.07141e-05
      3410.00  9.56902e-06
      3415.00  8.43138e-06
      3420.00  7.33285e-06
      3425.00  6.71041e-06
      3430.00  6.25330e-06
      3435.00  5.79897e-06
      3440.00  5.35369e-06
      3445.00  5.00301e-06
      3450.00  4.68623e-06
      3455.00  4.37148e-06
      3460.00  4.04976e-06
      3465.00  3.59537e-06
      3470.00  3.09737e-06
      3475.00  2.60275e-06
      3480.00  2.12563e-06
      3485.00  1.86422e-06
      3490.00  1.67843e-06
      3495.00  1.49391e-06
      3500.00  1.33265e-06
      3505.00  1.51766e-06
      3510.00  1.82046e-06
      3515.00  2.12106e-06
      3520.00  2.39234e-06
      3525.00  2.24939e-06
      3530.00  1.96312e-06
      3535.00  1.67887e-06
      3540.00  1.40233e-06
      3545.00  1.21540e-06
      3550.00  1.06056e-06
      3555.00  9.06812e-07
      3560.00  7.60635e-07
      3565.00  7.15436e-07
      3570.00  7.05715e-07
      3575.00  6.96047e-07
      3580.00  6.85284e-07
      3585.00  6.56868e-07
      3590.00  6.22376e-07
      3595.00  5.88129e-07
      3600.00  5.64316e-07
      3605.00  6.98677e-07
      3610.00  8.89038e-07
      3615.00  1.07980e-06
      3620.00  1.26139e-06
      3625.00  1.29205e-06
      3630.00  1.26874e-06
      3635.00  1.24530e-06
      3640.00  1.21725e-06
      3645.00  1.11395e-06
      3650.00  9.83780e-07
      3655.00  8.53349e-07
      3660.00  7.25741e-07
      3665.00  6.48267e-07
      3670.00  5.88654e-07
      3675.00  5.28917e-07
      3680.00  4.67373e-07
      3685.00  3.77855e-07
      3690.00  2.78194e-07
      3695.00  1.78321e-07
      3700.00  8.45338e-08
      3705.00  9.38617e-08
      3710.00  1.40447e-07
      3715.00  1.87126e-07
      3720.00  2.30769e-07
      3725.00  2.24138e-07
      3730.00  1.99148e-07
      3735.00  1.74107e-07
      3740.00  1.68234e-07
      3745.00  4.84667e-07
      3750.00  9.18496e-07
      3755.00  1.35320e-06
      3760.00  1.76857e-06
      3765.00  1.84842e-06
      3770.00  1.80573e-06
      3775.00  1.76295e-06
      3780.00  1.72724e-06
      3785.00  1.80972e-06
      3790.00  1.93580e-06
      3795.00  2.06213e-06
      3800.00  2.19556e-06
      3805.00  2.43823e-06
      3810.00  2.72171e-06
      3815.00  3.00681e-06
      3820.00  3.29551e-06
      3825.00  3.62037e-06
      3830.00  3.95971e-06
      3835.00  4.30095e-06
      3840.00  4.70280e-06
      3845.00  6.08914e-06
      3850.00  7.84916e-06
      3855.00  9.61915e-06
      3860.00  1.16265e-05
      3865.00  1.76246e-05
      3870.00  2.51302e-05
      3875.00  3.26780e-05
      3880.00  4.11395e-05
      3885.00  6.44079e-05
      3890.00  9.33430e-05
      3895.00  0.000122435
      3900.00  0.000151578
      3905.00  0.000179004
      3910.00  0.000199135
      3915.00      0.00000
      3920.00      0.00000
