0.0
      3210.00      0.00000
      3220.00      0.00000
      3230.00   0.00293995
      3240.00   0.00417473
      3250.00   0.00757510
      3260.00    0.0144611
      3270.00    0.0262619
      3280.00    0.0426319
      3290.00    0.0613343
      3300.00    0.0805923
      3310.00     0.100398
      3320.00     0.123475
      3330.00     0.150276
      3340.00     0.179301
      3350.00     0.207879
      3360.00     0.234559
      3370.00     0.263868
      3380.00     0.297243
      3390.00     0.330962
      3400.00     0.364188
      3410.00     0.392602
      3420.00     0.417368
      3430.00     0.440104
      3440.00     0.463429
      3450.00     0.490731
      3460.00     0.520427
      3470.00     0.551546
      3480.00     0.581691
      3490.00     0.608421
      3500.00     0.630896
      3510.00     0.648942
      3520.00     0.663128
      3530.00     0.675459
      3540.00     0.685376
      3550.00     0.694549
      3560.00     0.703373
      3570.00     0.713623
      3580.00     0.725132
      3590.00     0.736486
      3600.00     0.747756
      3610.00     0.761906
      3620.00     0.774353
      3630.00     0.783376
      3640.00     0.789946
      3650.00     0.797098
      3660.00     0.804575
      3670.00     0.813470
      3680.00     0.822757
      3690.00     0.831584
      3700.00     0.839839
      3710.00     0.845755
      3720.00     0.851271
      3730.00     0.856867
      3740.00     0.863573
      3750.00     0.871357
      3760.00     0.879714
      3770.00     0.888040
      3780.00     0.893431
      3790.00     0.896607
      3800.00     0.898153
      3810.00     0.900354
      3820.00     0.903951
      3830.00     0.908709
      3840.00     0.916345
      3850.00     0.926532
      3860.00     0.937672
      3870.00     0.947803
      3880.00     0.954899
      3890.00     0.958767
      3900.00     0.958638
      3910.00     0.956141
      3920.00     0.953638
      3930.00     0.952676
      3940.00     0.955362
      3950.00     0.961027
      3960.00     0.970099
      3970.00     0.980016
      3980.00     0.989722
      3990.00     0.997199
      4000.00      1.00000
      4010.00     0.996871
      4020.00     0.990014
      4030.00     0.982071
      4040.00     0.974462
      4050.00     0.968784
      4060.00     0.967097
      4070.00     0.967365
      4080.00     0.969932
      4090.00     0.973730
      4100.00     0.977389
      4110.00     0.980567
      4120.00     0.981560
      4130.00     0.981149
      4140.00     0.978637
      4150.00     0.975885
      4160.00     0.973741
      4170.00     0.972171
      4180.00     0.972994
      4190.00     0.974904
      4200.00     0.978388
      4210.00     0.982669
      4220.00     0.986652
      4230.00     0.990028
      4240.00     0.991151
      4250.00     0.990682
      4260.00     0.988536
      4270.00     0.984593
      4280.00     0.979240
      4290.00     0.973189
      4300.00     0.967233
      4310.00     0.959503
      4320.00     0.952613
      4330.00     0.948004
      4340.00     0.948717
      4350.00     0.958114
      4360.00     0.973365
      4370.00     0.978055
      4380.00     0.934353
      4390.00     0.801684
      4400.00     0.591734
      4410.00     0.375579
      4420.00     0.211249
      4430.00     0.110846
      4440.00    0.0580045
      4450.00    0.0316018
      4460.00    0.0178957
      4470.00    0.0104409
      4480.00   0.00711541
      4490.00      0.00000
      4500.00      0.00000
