0.0
      2970.00      0.00000
      2980.00      0.00000
      2990.00   0.00293884
      3000.00   0.00464711
      3010.00   0.00822560
      3020.00    0.0140509
      3030.00    0.0248236
      3040.00    0.0429486
      3050.00    0.0730715
      3060.00     0.121490
      3070.00     0.198341
      3080.00     0.309399
      3090.00     0.456245
      3100.00     0.609305
      3110.00     0.741577
      3120.00     0.834501
      3130.00     0.874402
      3140.00     0.903866
      3150.00     0.914803
      3160.00     0.922299
      3170.00     0.941490
      3180.00     0.958424
      3190.00     0.970738
      3200.00     0.986011
      3210.00     0.983411
      3220.00     0.989742
      3230.00     0.987255
      3240.00     0.986216
      3250.00     0.989209
      3260.00     0.992294
      3270.00     0.994248
      3280.00     0.993677
      3290.00     0.991755
      3300.00     0.989240
      3310.00     0.985651
      3320.00     0.986367
      3330.00     0.991530
      3340.00     0.996811
      3350.00      1.00000
      3360.00     0.998056
      3370.00     0.991741
      3380.00     0.982434
      3390.00     0.970597
      3400.00     0.963386
      3410.00     0.959288
      3420.00     0.956727
      3430.00     0.953857
      3440.00     0.951441
      3450.00     0.944812
      3460.00     0.934423
      3470.00     0.921606
      3480.00     0.909206
      3490.00     0.896154
      3500.00     0.882239
      3510.00     0.867110
      3520.00     0.852057
      3530.00     0.836637
      3540.00     0.821015
      3550.00     0.805458
      3560.00     0.787894
      3570.00     0.766644
      3580.00     0.739400
      3590.00     0.707642
      3600.00     0.675572
      3610.00     0.654310
      3620.00     0.638159
      3630.00     0.608695
      3640.00     0.533750
      3650.00     0.401907
      3660.00     0.251820
      3670.00     0.134046
      3680.00    0.0648469
      3690.00    0.0311376
      3700.00    0.0154712
      3710.00   0.00942634
      3720.00      0.00000
      3730.00      0.00000
