0.0
      4350.00      0.00000
      4365.00      0.00000
      4380.00    0.0131895
      4395.00    0.0302841
      4410.00    0.0740837
      4425.00     0.148518
      4440.00     0.252877
      4455.00     0.369806
      4470.00     0.484923
      4485.00     0.585290
      4500.00     0.664646
      4515.00     0.728131
      4530.00     0.774898
      4545.00     0.810494
      4560.00     0.837483
      4575.00     0.858646
      4590.00     0.872795
      4605.00     0.884109
      4620.00     0.894418
      4635.00     0.902935
      4650.00     0.910405
      4665.00     0.917352
      4680.00     0.923996
      4695.00     0.927969
      4710.00     0.930472
      4725.00     0.935158
      4740.00     0.940167
      4755.00     0.944304
      4770.00     0.948267
      4785.00     0.951537
      4800.00     0.956244
      4815.00     0.960588
      4830.00     0.964331
      4845.00     0.968090
      4860.00     0.970264
      4875.00     0.971305
      4890.00     0.973842
      4905.00     0.976324
      4920.00     0.978744
      4935.00     0.980481
      4950.00     0.982977
      4965.00     0.985588
      4980.00     0.987997
      4995.00     0.989708
      5010.00     0.991171
      5025.00     0.993273
      5040.00     0.994173
      5055.00     0.995341
      5070.00     0.995788
      5085.00     0.995961
      5100.00     0.996357
      5115.00     0.996432
      5130.00     0.998153
      5145.00     0.999036
      5160.00      1.00000
      5175.00     0.998634
      5190.00     0.998508
      5205.00     0.997225
      5220.00     0.997769
      5235.00     0.996894
      5250.00     0.994914
      5265.00     0.992132
      5280.00     0.988280
      5295.00     0.986672
      5310.00     0.985802
      5325.00     0.983423
      5340.00     0.981271
      5355.00     0.979012
      5370.00     0.976591
      5385.00     0.971998
      5400.00     0.966726
      5415.00     0.960744
      5430.00     0.957511
      5445.00     0.953500
      5460.00     0.948930
      5475.00     0.943637
      5490.00     0.939287
      5505.00     0.931347
      5520.00     0.923812
      5535.00     0.917973
      5550.00     0.911098
      5565.00     0.904234
      5580.00     0.897455
      5595.00     0.890299
      5610.00     0.881662
      5625.00     0.871155
      5640.00     0.860123
      5655.00     0.851630
      5670.00     0.841973
      5685.00     0.831132
      5700.00     0.820600
      5715.00     0.809181
      5730.00     0.798797
      5745.00     0.786822
      5760.00     0.775616
      5775.00     0.763123
      5790.00     0.749526
      5805.00     0.736396
      5820.00     0.722519
      5835.00     0.710436
      5850.00     0.696414
      5865.00     0.683211
      5880.00     0.669097
      5895.00     0.654682
      5910.00     0.639879
      5925.00     0.626084
      5940.00     0.611818
      5955.00     0.597205
      5970.00     0.582591
      5985.00     0.567934
      6000.00     0.552703
      6015.00     0.537827
      6030.00     0.523810
      6045.00     0.509422
      6060.00     0.495254
      6075.00     0.480784
      6090.00     0.466728
      6105.00     0.452623
      6120.00     0.438193
      6135.00     0.423804
      6150.00     0.409638
      6165.00     0.395994
      6180.00     0.382211
      6195.00     0.368651
      6210.00     0.355390
      6225.00     0.342349
      6240.00     0.329301
      6255.00     0.316807
      6270.00     0.304394
      6285.00     0.292018
      6300.00     0.280055
      6315.00     0.268411
      6330.00     0.256640
      6345.00     0.245258
      6360.00     0.234103
      6375.00     0.223782
      6390.00     0.213553
      6405.00     0.203372
      6420.00     0.193708
      6435.00     0.184225
      6450.00     0.174988
      6465.00     0.166213
      6480.00     0.157586
      6495.00     0.149358
      6510.00     0.141150
      6525.00     0.132989
      6540.00     0.125488
      6555.00     0.118162
      6570.00     0.111185
      6585.00     0.104562
      6600.00    0.0981702
      6615.00    0.0922408
      6630.00    0.0865044
      6645.00    0.0809890
      6660.00    0.0757710
      6675.00    0.0707691
      6690.00    0.0661210
      6705.00    0.0617088
      6720.00    0.0574937
      6735.00    0.0535556
      6750.00    0.0497930
      6765.00    0.0462818
      6780.00    0.0430279
      6795.00    0.0399210
      6810.00    0.0370036
      6825.00    0.0342790
      6840.00    0.0317483
      6855.00    0.0294046
      6870.00    0.0271948
      6885.00    0.0251342
      6900.00    0.0232277
      6915.00    0.0214244
      6930.00    0.0197536
      6945.00    0.0181993
      6960.00    0.0167540
      6975.00    0.0154293
      6990.00    0.0141898
      7005.00    0.0130319
      7020.00    0.0119553
      7035.00    0.0109505
      7050.00    0.0100409
      7065.00   0.00918309
      7080.00   0.00839567
      7095.00   0.00769033
      7110.00   0.00701752
      7125.00   0.00640681
      7140.00   0.00584774
      7155.00   0.00533392
      7170.00   0.00486812
      7185.00   0.00443605
      7200.00   0.00404257
      7215.00   0.00368637
      7230.00   0.00335442
      7245.00   0.00305318
      7260.00   0.00277719
      7275.00   0.00252473
      7290.00   0.00229918
      7305.00   0.00208830
      7320.00   0.00189919
      7335.00   0.00173022
      7350.00   0.00157033
      7365.00   0.00142768
      7380.00   0.00129815
      7395.00   0.00120627
      7410.00      0.00000
      7425.00      0.00000
