0.0
      6920.00      0.00000
      6945.00      0.00000
      6970.00   0.00918867
      6995.00    0.0242400
      7020.00    0.0855472
      7045.00     0.276367
      7070.00     0.627152
      7095.00     0.906009
      7120.00     0.993376
      7145.00      1.00000
      7170.00     0.989673
      7195.00     0.973473
      7220.00     0.955532
      7245.00     0.940785
      7270.00     0.933690
      7295.00     0.933710
      7320.00     0.938143
      7345.00     0.943226
      7370.00     0.944331
      7395.00     0.938981
      7420.00     0.926802
      7445.00     0.910829
      7470.00     0.894505
      7495.00     0.880919
      7520.00     0.872390
      7545.00     0.868587
      7570.00     0.869471
      7595.00     0.871320
      7620.00     0.871033
      7645.00     0.863781
      7670.00     0.850439
      7695.00     0.833450
      7720.00     0.815627
      7745.00     0.799124
      7770.00     0.786233
      7795.00     0.776581
      7820.00     0.770251
      7845.00     0.766311
      7870.00     0.762841
      7895.00     0.758119
      7920.00     0.751186
      7945.00     0.743649
      7970.00     0.736090
      7995.00     0.729033
      8020.00     0.722181
      8045.00     0.715975
      8070.00     0.709396
      8095.00     0.700682
      8120.00     0.689539
      8145.00     0.675480
      8170.00     0.660321
      8195.00     0.644322
      8220.00     0.629977
      8245.00     0.619064
      8270.00     0.611944
      8295.00     0.608148
      8320.00     0.606778
      8345.00     0.607439
      8370.00     0.607545
      8395.00     0.606726
      8420.00     0.603472
      8445.00     0.597947
      8470.00     0.590950
      8495.00     0.576889
      8520.00     0.564794
      8545.00     0.554323
      8570.00     0.544942
      8595.00     0.537197
      8620.00     0.531530
      8645.00     0.528888
      8670.00     0.528551
      8695.00     0.528228
      8720.00     0.526737
      8745.00     0.525558
      8770.00     0.522680
      8795.00     0.518284
      8820.00     0.511204
      8845.00     0.504329
      8870.00     0.497748
      8895.00     0.490945
      8920.00     0.483937
      8945.00     0.477350
      8970.00     0.470922
      8995.00     0.465061
      9020.00     0.458255
      9045.00     0.451787
      9070.00     0.445811
      9095.00     0.439827
      9120.00     0.433684
      9145.00     0.427300
      9170.00     0.420188
      9195.00     0.412438
      9220.00     0.403427
      9245.00     0.393448
      9270.00     0.383052
      9295.00     0.372411
      9320.00     0.362036
      9345.00     0.352412
      9370.00     0.343529
      9395.00     0.335173
      9420.00     0.325808
      9445.00     0.314747
      9470.00     0.301481
      9495.00     0.286173
      9520.00     0.272284
      9545.00     0.255710
      9570.00     0.225415
      9595.00     0.168894
      9620.00    0.0985399
      9645.00    0.0463152
      9670.00    0.0241268
      9695.00      0.00000
      9720.00      0.00000
