0.0
      1980.00      0.00000
      1985.00      0.00000
      1990.00     0.298199
      1995.00     0.312636
      2000.00     0.331669
      2005.00     0.347710
      2010.00     0.363283
      2015.00     0.379044
      2020.00     0.395059
      2025.00     0.412246
      2030.00     0.429931
      2035.00     0.448420
      2040.00     0.467326
      2045.00     0.487191
      2050.00     0.507536
      2055.00     0.528692
      2060.00     0.550128
      2065.00     0.571069
      2070.00     0.591953
      2075.00     0.612220
      2080.00     0.632269
      2085.00     0.650423
      2090.00     0.668046
      2095.00     0.684443
      2100.00     0.701379
      2105.00     0.722319
      2110.00     0.743949
      2115.00     0.764235
      2120.00     0.784266
      2125.00     0.803014
      2130.00     0.821477
      2135.00     0.838596
      2140.00     0.855395
      2145.00     0.871123
      2150.00     0.886578
      2155.00     0.900946
      2160.00     0.914940
      2165.00     0.927102
      2170.00     0.938710
      2175.00     0.949379
      2180.00     0.959643
      2185.00     0.968114
      2190.00     0.975893
      2195.00     0.981846
      2200.00     0.987268
      2205.00     0.992213
      2210.00     0.996581
      2215.00     0.998761
      2220.00      1.00000
      2225.00     0.999490
      2230.00     0.997779
      2235.00     0.992184
      2240.00     0.985372
      2245.00     0.977238
      2250.00     0.968404
      2255.00     0.958640
      2260.00     0.948257
      2265.00     0.936718
      2270.00     0.924526
      2275.00     0.911652
      2280.00     0.898283
      2285.00     0.884540
      2290.00     0.870407
      2295.00     0.856084
      2300.00     0.841106
      2305.00     0.823912
      2310.00     0.806128
      2315.00     0.788347
      2320.00     0.770397
      2325.00     0.752574
      2330.00     0.734559
      2335.00     0.715926
      2340.00     0.696935
      2345.00     0.677900
      2350.00     0.658683
      2355.00     0.639495
      2360.00     0.620079
      2365.00     0.599881
      2370.00     0.579239
      2375.00     0.558071
      2380.00     0.536534
      2385.00     0.514510
      2390.00     0.492146
      2395.00     0.469528
      2400.00     0.446292
      2405.00     0.420929
      2410.00     0.395331
      2415.00     0.370373
      2420.00     0.345706
      2425.00     0.321970
      2430.00     0.298599
      2435.00     0.276210
      2440.00     0.254306
      2445.00     0.233964
      2450.00     0.214269
      2455.00     0.196367
      2460.00     0.179170
      2465.00     0.163724
      2470.00     0.148950
      2475.00     0.135754
      2480.00     0.123172
      2485.00     0.112092
      2490.00     0.101573
      2495.00    0.0922582
      2500.00    0.0834026
      2505.00    0.0757126
      2510.00    0.0684855
      2515.00    0.0621553
      2520.00    0.0561692
      2525.00    0.0508642
      2530.00    0.0458545
      2535.00    0.0417248
      2540.00    0.0379080
      2545.00    0.0345513
      2550.00    0.0313766
      2555.00    0.0285987
      2560.00    0.0259769
      2565.00    0.0236911
      2570.00    0.0215429
      2575.00    0.0197459
      2580.00    0.0180772
      2585.00    0.0166164
      2590.00    0.0152315
      2595.00    0.0139494
      2600.00    0.0127178
      2605.00    0.0116884
      2610.00    0.0107373
      2615.00   0.00988345
      2620.00   0.00907874
      2625.00   0.00844904
      2630.00   0.00787160
      2635.00   0.00724726
      2640.00   0.00662343
      2645.00   0.00612241
      2650.00   0.00566302
      2655.00   0.00522760
      2660.00   0.00480930
      2665.00   0.00447488
      2670.00   0.00417310
      2675.00   0.00393670
      2680.00   0.00371291
      2685.00   0.00338624
      2690.00   0.00304319
      2695.00   0.00284451
      2700.00   0.00269551
      2705.00   0.00259996
      2710.00   0.00251267
      2715.00   0.00235096
      2720.00   0.00216946
      2725.00   0.00202116
      2730.00   0.00188813
      2735.00   0.00181855
      2740.00   0.00176034
      2745.00   0.00160201
      2750.00   0.00142026
      2755.00   0.00132384
      2760.00   0.00125683
      2765.00   0.00123119
      2770.00   0.00121870
      2775.00   0.00121268
      2780.00   0.00120198
      2785.00   0.00110686
      2790.00  0.000988779
      2795.00  0.000905440
      2800.00  0.000836967
      2805.00  0.000819802
      2810.00  0.000814791
      2815.00  0.000766333
      2820.00  0.000705530
      2825.00  0.000659732
      2830.00  0.000623574
      2835.00  0.000652569
      2840.00  0.000699871
      2845.00  0.000720997
      2850.00  0.000731815
      2855.00  0.000714186
      2860.00  0.000686142
      2865.00  0.000638235
      2870.00  0.000584703
      2875.00  0.000539841
      2880.00  0.000500850
      2885.00  0.000503715
      2890.00  0.000517314
      2895.00  0.000499965
      2900.00  0.000472129
      2905.00  0.000433762
      2910.00  0.000394315
      2915.00  0.000388197
      2920.00  0.000391015
      2925.00  0.000373582
      2930.00  0.000349476
      2935.00  0.000322963
      2940.00  0.000298501
      2945.00  0.000312630
      2950.00  0.000335989
      2955.00  0.000318182
      2960.00  0.000289073
      2965.00  0.000285033
      2970.00  0.000288928
      2975.00  0.000292843
      2980.00  0.000296283
      2985.00  0.000293231
      2990.00  0.000288076
      2995.00  0.000282881
      3000.00  0.000277509
      3005.00  0.000271097
      3010.00  0.000264462
      3015.00  0.000257827
      3020.00  0.000251271
      3025.00  0.000245778
      3030.00  0.000240623
      3035.00  0.000235464
      3040.00  0.000230315
      3045.00  0.000225290
      3050.00  0.000220305
      3055.00  0.000215321
      3060.00  0.000210386
      3065.00  0.000206103
      3070.00  0.000202029
      3075.00  0.000197957
      3080.00  0.000193907
      3085.00  0.000190183
      3090.00  0.000186564
      3095.00  0.000182945
      3100.00  0.000179334
      3105.00  0.000175825
      3110.00  0.000172350
      3115.00  0.000168875
      3120.00  0.000165499
      3125.00  0.000163466
      3130.00  0.000161870
      3135.00  0.000160275
      3140.00  0.000158659
      3145.00  0.000156740
      3150.00  0.000154723
      3155.00  0.000152706
      3160.00  0.000150685
      3165.00  0.000148598
      3170.00  0.000146490
      3175.00  0.000144382
      3180.00  0.000142304
      3185.00  0.000140636
      3190.00  0.000139104
      3195.00  0.000137571
      3200.00  0.000136015
      3205.00  0.000134192
      3210.00  0.000132293
      3215.00  0.000130396
      3220.00  0.000128489
      3225.00  0.000126398
      3230.00  0.000124249
      3235.00  0.000122102
      3240.00  0.000120031
      3245.00  0.000119024
      3250.00  0.000118369
      3255.00  0.000117714
      3260.00  0.000117083
      3265.00  0.000116775
      3270.00  0.000116575
      3275.00  0.000116374
      3280.00  0.000116144
      3285.00  0.000115471
      3290.00  0.000114652
      3295.00  0.000113834
      3300.00  0.000113056
      3305.00  0.000112840
      3310.00  0.000112814
      3315.00  0.000112789
      3320.00  0.000112661
      3325.00  0.000111024
      3330.00  0.000108882
      3335.00  0.000106744
      3340.00  0.000104669
      3345.00  0.000103489
      3350.00  0.000102611
      3355.00  0.000101735
      3360.00  0.000100915
      3365.00  0.000100911
      3370.00  0.000101183
      3375.00  0.000101455
      3380.00  0.000101694
      3385.00  0.000101438
      3390.00  0.000101016
      3395.00  0.000100595
      3400.00  0.000100159
      3405.00  9.97827e-05
      3410.00  9.94608e-05
      3415.00  9.91389e-05
      3420.00  9.88284e-05
      3425.00  9.86939e-05
      3430.00  9.86175e-05
      3435.00  9.85373e-05
      3440.00  9.84238e-05
      3445.00  9.78365e-05
      3450.00  9.70886e-05
      3455.00  9.63436e-05
      3460.00  9.56204e-05
      3465.00  9.51894e-05
      3470.00  9.48588e-05
      3475.00  9.45284e-05
      3480.00  9.42068e-05
      3485.00  9.40235e-05
      3490.00  9.38867e-05
      3495.00  9.37486e-05
      3500.00  9.36008e-05
      3505.00  9.33245e-05
      3510.00  9.30032e-05
      3515.00  9.26819e-05
      3520.00  9.24049e-05
      3525.00  9.28308e-05
      3530.00  9.34944e-05
      3535.00  9.41509e-05
      3540.00  9.47588e-05
      3545.00  9.47173e-05
      3550.00  9.44488e-05
      3555.00  9.41798e-05
      3560.00  9.39025e-05
      3565.00  9.35066e-05
      3570.00  9.30694e-05
      3575.00  9.26330e-05
      3580.00  9.22544e-05
      3585.00  9.27840e-05
      3590.00  9.36258e-05
      3595.00  9.44588e-05
      3600.00  9.53053e-05
      3605.00  9.59277e-05
      3610.00  9.64075e-05
      3615.00  9.68883e-05
      3620.00  9.73803e-05
      3625.00  9.80369e-05
      3630.00  9.87523e-05
      3635.00  9.94634e-05
      3640.00  0.000100233
      3645.00  0.000101925
      3650.00  0.000103951
      3655.00  0.000105981
      3660.00  0.000107976
      3665.00  0.000109361
      3670.00  0.000110528
      3675.00  0.000111697
      3680.00  0.000112864
      3685.00  0.000113959
      3690.00  0.000115030
      3695.00  0.000116102
      3700.00  0.000117214
      3705.00  0.000118921
      3710.00  0.000120846
      3715.00  0.000122775
      3720.00  0.000124663
      3725.00  0.000125804
      3730.00  0.000126677
      3735.00  0.000127552
      3740.00  0.000128444
      3745.00  0.000129597
      3750.00  0.000130847
      3755.00  0.000132099
      3760.00  0.000133406
      3765.00  0.000135582
      3770.00  0.000138080
      3775.00  0.000140582
      3780.00  0.000143093
      3785.00  0.000145666
      3790.00  0.000148267
      3795.00  0.000150871
      3800.00  0.000153511
      3805.00  0.000156247
      3810.00  0.000158984
      3815.00  0.000161733
      3820.00  0.000164537
      3825.00  0.000168029
      3830.00  0.000171789
      3835.00  0.000175568
      3840.00  0.000179394
      3845.00  0.000183706
      3850.00  0.000188213
      3855.00  0.000192743
      3860.00  0.000197292
      3865.00  0.000201804
      3870.00  0.000206318
      3875.00  0.000210852
      3880.00  0.000215432
      3885.00  0.000220445
      3890.00  0.000225635
      3895.00  0.000230850
      3900.00  0.000236163
      3905.00  0.000242783
      3910.00  0.000249915
      3915.00  0.000257082
      3920.00  0.000264289
      3925.00  0.000271639
      3930.00  0.000279065
      3935.00  0.000286526
      3940.00  0.000294111
      3945.00  0.000303305
      3950.00  0.000313135
      3955.00  0.000323010
      3960.00  0.000333013
      3965.00  0.000344438
      3970.00  0.000356439
      3975.00  0.000368498
      3980.00  0.000380655
      3985.00  0.000393587
      3990.00  0.000406852
      3995.00  0.000420179
      4000.00  0.000433589
      4005.00  0.000448580
      4010.00  0.000464314
      4015.00  0.000480066
      4020.00  0.000495940
      4025.00  0.000513650
      4030.00  0.000532096
      4035.00  0.000550696
      4040.00  0.000569512
      4045.00  0.000591297
      4050.00  0.000614243
      4055.00  0.000637231
      4060.00  0.000660422
      4065.00  0.000686629
      4070.00  0.000714026
      4075.00  0.000741474
      4080.00  0.000769142
      4085.00  0.000799890
      4090.00  0.000831872
      4095.00  0.000863914
      4100.00  0.000896166
      4105.00  0.000931209
      4110.00  0.000967384
      4115.00   0.00100363
      4120.00   0.00103996
      4125.00   0.00107700
      4130.00   0.00111434
      4135.00   0.00115176
      4140.00   0.00118916
      4145.00   0.00122512
      4150.00   0.00126057
      4155.00   0.00129607
      4160.00   0.00133134
      4165.00   0.00136136
      4170.00   0.00138933
      4175.00   0.00141735
      4180.00   0.00144474
      4185.00   0.00145969
      4190.00   0.00146973
      4195.00   0.00147977
      4200.00   0.00148924
      4205.00   0.00148761
      4210.00   0.00148157
      4215.00   0.00147550
      4220.00   0.00146875
      4225.00   0.00144933
      4230.00   0.00142479
      4235.00   0.00140001
      4240.00   0.00137479
      4245.00   0.00134270
      4250.00   0.00130783
      4255.00   0.00127291
      4260.00   0.00123775
      4265.00   0.00119895
      4270.00   0.00115866
      4275.00   0.00111831
      4280.00   0.00107794
      4285.00   0.00103823
      4290.00  0.000998751
      4295.00  0.000959213
      4300.00  0.000919759
      4305.00  0.000882913
      4310.00  0.000847096
      4315.00  0.000811229
      4320.00  0.000775517
      4325.00  0.000743894
      4330.00  0.000713896
      4335.00  0.000683855
      4340.00  0.000653919
      4345.00  0.000626958
      4350.00  0.000601175
      4355.00  0.000575354
      4360.00  0.000549657
      4365.00  0.000527203
      4370.00  0.000506044
      4375.00  0.000484855
      4380.00  0.000463810
      4385.00  0.000446196
      4390.00  0.000429971
      4395.00  0.000413725
      4400.00  0.000397544
      4405.00  0.000383058
      4410.00  0.000369263
      4415.00  0.000355448
      4420.00  0.000341693
      4425.00  0.000329567
      4430.00  0.000318107
      4435.00  0.000306673
      4440.00  0.000295293
      4445.00  0.000285192
      4450.00  0.000275614
      4455.00  0.000266019
      4460.00  0.000256460
      4465.00  0.000247991
      4470.00  0.000239964
      4475.00  0.000231923
      4480.00  0.000223917
      4485.00  0.000216915
      4490.00  0.000210324
      4495.00  0.000203722
      4500.00  0.000197124
      4505.00  0.000191034
      4510.00  0.000185175
      4515.00  0.000179311
      4520.00  0.000173490
      4525.00  0.000168625
      4530.00  0.000164162
      4535.00  0.000159695
      4540.00  0.000155251
      4545.00  0.000151365
      4550.00  0.000147711
      4555.00  0.000144056
      4560.00  0.000140409
      4565.00  0.000137014
      4570.00  0.000133723
      4575.00  0.000130429
      4580.00  0.000127133
      4585.00  0.000123820
      4590.00  0.000120500
      4595.00  0.000117178
      4600.00  0.000113871
      4605.00  0.000111641
      4610.00      0.00000
      4615.00      0.00000
