0.0
      5370.00      0.00000
      5390.00      0.00000
      5410.00    0.0103661
      5430.00    0.0258245
      5450.00    0.0842612
      5470.00     0.245975
      5490.00     0.535247
      5510.00     0.793975
      5530.00     0.908048
      5550.00     0.942703
      5570.00     0.967074
      5590.00     0.987388
      5610.00     0.996090
      5630.00     0.988192
      5650.00     0.967575
      5670.00     0.943651
      5690.00     0.930388
      5710.00     0.927663
      5730.00     0.943209
      5750.00     0.965154
      5770.00     0.988669
      5790.00      1.00000
      5810.00     0.995175
      5830.00     0.973710
      5850.00     0.950091
      5870.00     0.927629
      5890.00     0.920491
      5910.00     0.927508
      5930.00     0.943977
      5950.00     0.968968
      5970.00     0.986005
      5990.00     0.992436
      6010.00     0.981987
      6030.00     0.964566
      6050.00     0.939172
      6070.00     0.921137
      6090.00     0.912822
      6110.00     0.911309
      6130.00     0.924153
      6150.00     0.935892
      6170.00     0.949507
      6190.00     0.957362
      6210.00     0.956303
      6230.00     0.953249
      6250.00     0.942528
      6270.00     0.938192
      6290.00     0.933716
      6310.00     0.932231
      6330.00     0.938100
      6350.00     0.938150
      6370.00     0.940889
      6390.00     0.940704
      6410.00     0.934196
      6430.00     0.933608
      6450.00     0.929515
      6470.00     0.929949
      6490.00     0.940376
      6510.00     0.946790
      6530.00     0.958425
      6550.00     0.970743
      6570.00     0.974817
      6590.00     0.975823
      6610.00     0.966481
      6630.00     0.950456
      6650.00     0.933738
      6670.00     0.911735
      6690.00     0.897355
      6710.00     0.892833
      6730.00     0.889265
      6750.00     0.895246
      6770.00     0.907001
      6790.00     0.911485
      6810.00     0.911853
      6830.00     0.904480
      6850.00     0.886266
      6870.00     0.869044
      6890.00     0.853743
      6910.00     0.840271
      6930.00     0.837022
      6950.00     0.836326
      6970.00     0.830575
      6990.00     0.832509
      7010.00     0.850924
      7030.00     0.843331
      7050.00     0.676162
      7070.00     0.352502
      7090.00     0.128693
      7110.00    0.0541725
      7130.00      0.00000
      7150.00      0.00000
