0.0
      4660.00      0.00000
      4675.00      0.00000
      4690.00   0.00817609
      4705.00    0.0113835
      4720.00    0.0173368
      4735.00    0.0405271
      4750.00     0.111123
      4765.00     0.187108
      4780.00     0.293331
      4795.00     0.571018
      4810.00     0.864675
      4825.00     0.965698
      4840.00     0.966059
      4855.00     0.956130
      4870.00     0.978135
      4885.00     0.965141
      4900.00     0.925633
      4915.00     0.922460
      4930.00     0.948721
      4945.00     0.978031
      4960.00     0.988553
      4975.00     0.971628
      4990.00     0.960976
      5005.00     0.979173
      5020.00     0.988164
      5035.00     0.957525
      5050.00     0.919195
      5065.00     0.909815
      5080.00     0.926641
      5095.00     0.945116
      5110.00     0.952854
      5125.00     0.961056
      5140.00     0.975648
      5155.00     0.976637
      5170.00     0.950170
      5185.00     0.923454
      5200.00     0.929648
      5215.00     0.964426
      5230.00     0.992474
      5245.00     0.993848
      5260.00     0.981693
      5275.00     0.972505
      5290.00     0.966682
      5305.00     0.960746
      5320.00     0.959299
      5335.00     0.967788
      5350.00     0.982839
      5365.00     0.995811
      5380.00      1.00000
      5395.00     0.995189
      5410.00     0.984944
      5425.00     0.972116
      5440.00     0.960672
      5455.00     0.954751
      5470.00     0.958307
      5485.00     0.970976
      5500.00     0.986734
      5515.00     0.996762
      5530.00     0.994522
      5545.00     0.981739
      5560.00     0.965048
      5575.00     0.950748
      5590.00     0.943902
      5605.00     0.947208
      5620.00     0.960255
      5635.00     0.977262
      5650.00     0.989003
      5665.00     0.989137
      5680.00     0.978868
      5695.00     0.965414
      5710.00     0.955337
      5725.00     0.949827
      5740.00     0.947281
      5755.00     0.947237
      5770.00     0.951408
      5785.00     0.961625
      5800.00     0.975205
      5815.00     0.984505
      5830.00     0.981622
      5845.00     0.966456
      5860.00     0.947309
      5875.00     0.933811
      5890.00     0.931009
      5905.00     0.936659
      5920.00     0.946278
      5935.00     0.955596
      5950.00     0.963545
      5965.00     0.970658
      5980.00     0.976725
      5995.00     0.978882
      6010.00     0.974762
      6025.00     0.963368
      6040.00     0.948598
      6055.00     0.937684
      6070.00     0.935957
      6085.00     0.943319
      6100.00     0.954055
      6115.00     0.961432
      6130.00     0.963501
      6145.00     0.964155
      6160.00     0.968770
      6175.00     0.977245
      6190.00     0.982820
      6205.00     0.977284
      6220.00     0.958904
      6235.00     0.936538
      6250.00     0.921702
      6265.00     0.921084
      6280.00     0.934646
      6295.00     0.955065
      6310.00     0.973306
      6325.00     0.983508
      6340.00     0.985971
      6355.00     0.985972
      6370.00     0.987512
      6385.00     0.989878
      6400.00     0.988302
      6415.00     0.978276
      6430.00     0.960650
      6445.00     0.941866
      6460.00     0.930671
      6475.00     0.932522
      6490.00     0.945519
      6505.00     0.962515
      6520.00     0.975143
      6535.00     0.981219
      6550.00     0.981640
      6565.00     0.979150
      6580.00     0.975765
      6595.00     0.970854
      6610.00     0.963922
      6625.00     0.956201
      6640.00     0.949742
      6655.00     0.945571
      6670.00     0.941303
      6685.00     0.933731
      6700.00     0.923643
      6715.00     0.914205
      6730.00     0.909808
      6745.00     0.912296
      6760.00     0.919457
      6775.00     0.926456
      6790.00     0.929857
      6805.00     0.929517
      6820.00     0.927015
      6835.00     0.923726
      6850.00     0.919814
      6865.00     0.915969
      6880.00     0.913102
      6895.00     0.911554
      6910.00     0.907411
      6925.00     0.895611
      6940.00     0.874375
      6955.00     0.850647
      6970.00     0.835772
      6985.00     0.836924
      7000.00     0.851250
      7015.00     0.866962
      7030.00     0.874120
      7045.00     0.871457
      7060.00     0.843480
      7075.00     0.734814
      7090.00     0.523910
      7105.00     0.307983
      7120.00     0.169124
      7135.00    0.0966276
      7150.00    0.0592264
      7165.00    0.0377043
      7180.00    0.0238526
      7195.00    0.0163833
      7210.00      0.00000
      7225.00      0.00000
