0.0
      6780.00      0.00000
      6805.00      0.00000
      6830.00   0.00377924
      6855.00   0.00669045
      6880.00    0.0144022
      6905.00    0.0319190
      6930.00    0.0723386
      6955.00     0.161365
      6980.00     0.330009
      7005.00     0.568747
      7030.00     0.787255
      7055.00     0.914993
      7080.00     0.965603
      7105.00     0.984761
      7130.00     0.994379
      7155.00     0.999256
      7180.00      1.00000
      7205.00     0.993538
      7230.00     0.980768
      7255.00     0.965173
      7280.00     0.950267
      7305.00     0.938612
      7330.00     0.930785
      7355.00     0.926912
      7380.00     0.923823
      7405.00     0.920420
      7430.00     0.913857
      7455.00     0.905782
      7480.00     0.895277
      7505.00     0.884744
      7530.00     0.874020
      7555.00     0.864789
      7580.00     0.857361
      7605.00     0.851492
      7630.00     0.845524
      7655.00     0.837319
      7680.00     0.827990
      7705.00     0.818592
      7730.00     0.808085
      7755.00     0.796843
      7780.00     0.786077
      7805.00     0.775879
      7830.00     0.765830
      7855.00     0.758488
      7880.00     0.751904
      7905.00     0.745766
      7930.00     0.740494
      7955.00     0.734544
      7980.00     0.728858
      8005.00     0.721851
      8030.00     0.715193
      8055.00     0.707662
      8080.00     0.700625
      8105.00     0.692978
      8130.00     0.684561
      8155.00     0.674848
      8180.00     0.663869
      8205.00     0.651638
      8230.00     0.639828
      8255.00     0.630717
      8280.00     0.624455
      8305.00     0.620421
      8330.00     0.615483
      8355.00     0.605492
      8380.00     0.590324
      8405.00     0.575750
      8430.00     0.565507
      8455.00     0.522406
      8480.00     0.365041
      8505.00     0.167702
      8530.00    0.0596521
      8555.00    0.0259102
      8580.00      0.00000
      8605.00      0.00000
