0.0
      10495.0      0.00000
      10545.0      0.00000
      10595.0  9.63262e-05
      10645.0  9.63282e-05
      10695.0  9.63296e-05
      10745.0  9.63325e-05
      10795.0  9.63417e-05
      10845.0  9.63751e-05
      10895.0  9.64233e-05
      10945.0  9.64850e-05
      10995.0  9.65617e-05
      11045.0  9.67279e-05
      11095.0  9.69242e-05
      11145.0  9.71208e-05
      11195.0  9.73197e-05
      11245.0  9.75378e-05
      11295.0  9.77609e-05
      11345.0  9.79843e-05
      11395.0  9.82109e-05
      11445.0  9.84645e-05
      11495.0  9.87160e-05
      11545.0  9.88856e-05
      11595.0  9.90356e-05
      11645.0  9.91878e-05
      11695.0  9.93407e-05
      11745.0  9.94936e-05
      11795.0  9.96411e-05
      11845.0  9.97380e-05
      11895.0  9.98226e-05
      11945.0  9.99071e-05
      11995.0  9.99896e-05
      12045.0  0.000100053
      12095.0  0.000100112
      12145.0  0.000100171
      12195.0  0.000100226
      12245.0  0.000100246
      12295.0  0.000100258
      12345.0  0.000100270
      12395.0  0.000100286
      12445.0  0.000100347
      12495.0  0.000100423
      12545.0  0.000100549
      12595.0  0.000100686
      12645.0  0.000100807
      12695.0  0.000100923
      12745.0  0.000101040
      12795.0  0.000101150
      12845.0  0.000101198
      12895.0  0.000101231
      12945.0  0.000101263
      12995.0  0.000101309
      13045.0  0.000101474
      13095.0  0.000101670
      13145.0  0.000101866
      13195.0  0.000102053
      13245.0  0.000102162
      13295.0  0.000102252
      13345.0  0.000102342
      13395.0  0.000102410
      13445.0  0.000102271
      13495.0  0.000102088
      13545.0  0.000101953
      13595.0  0.000101747
      13645.0  0.000144811
      13695.0  0.000546219
      13745.0   0.00120878
      13795.0   0.00323521
      13845.0   0.00861860
      13895.0    0.0299278
      13945.0     0.134017
      13995.0     0.496157
      14045.0     0.858264
      14095.0     0.920270
      14145.0     0.921357
      14195.0     0.944960
      14245.0     0.979868
      14295.0     0.996627
      14345.0     0.997257
      14395.0     0.999121
      14445.0      1.00000
      14495.0     0.993155
      14545.0     0.981871
      14595.0     0.977170
      14645.0     0.985115
      14695.0     0.994624
      14745.0     0.990877
      14795.0     0.972673
      14845.0     0.954756
      14895.0     0.950549
      14945.0     0.960208
      14995.0     0.975894
      15045.0     0.987728
      15095.0     0.993714
      15145.0     0.993996
      15195.0     0.986090
      15245.0     0.971902
      15295.0     0.953534
      15345.0     0.941720
      15395.0     0.943682
      15445.0     0.957209
      15495.0     0.972596
      15545.0     0.979564
      15595.0     0.980704
      15645.0     0.981187
      15695.0     0.984469
      15745.0     0.986626
      15795.0     0.984765
      15845.0     0.981646
      15895.0     0.979203
      15945.0     0.977998
      15995.0     0.972528
      16045.0     0.960207
      16095.0     0.949639
      16145.0     0.946825
      16195.0     0.951013
      16245.0     0.951470
      16295.0     0.938053
      16345.0     0.914121
      16395.0     0.897626
      16445.0     0.905841
      16495.0     0.930330
      16545.0     0.941813
      16595.0     0.928654
      16645.0     0.908270
      16695.0     0.901918
      16745.0     0.881880
      16795.0     0.837244
      16845.0     0.730641
      16895.0     0.328407
      16945.0    0.0935125
      16995.0      0.00000
      17045.0      0.00000
