0.0
      8850.00      0.00000
      8885.00      0.00000
      8920.00   0.00559454
      8955.00    0.0139264
      8990.00    0.0478150
      9025.00     0.162640
      9060.00     0.406282
      9095.00     0.655714
      9130.00     0.769629
      9165.00     0.798889
      9200.00     0.790536
      9235.00     0.779109
      9270.00     0.793319
      9305.00     0.808560
      9340.00     0.806630
      9375.00     0.807904
      9410.00     0.826728
      9445.00     0.841702
      9480.00     0.836885
      9515.00     0.831548
      9550.00     0.841474
      9585.00     0.850425
      9620.00     0.843193
      9655.00     0.836909
      9690.00     0.850690
      9725.00     0.872434
      9760.00     0.883110
      9795.00     0.889507
      9830.00     0.905866
      9865.00     0.926681
      9900.00     0.928426
      9935.00     0.913544
      9970.00     0.906071
      10005.0     0.912852
      10040.0     0.918467
      10075.0     0.907983
      10110.0     0.893044
      10145.0     0.889724
      10180.0     0.899727
      10215.0     0.908399
      10250.0     0.910593
      10285.0     0.917175
      10320.0     0.937469
      10355.0     0.962049
      10390.0     0.973380
      10425.0     0.966997
      10460.0     0.958381
      10495.0     0.959967
      10530.0     0.966246
      10565.0     0.966830
      10600.0     0.960122
      10635.0     0.953855
      10670.0     0.953584
      10705.0     0.955056
      10740.0     0.952593
      10775.0     0.949478
      10810.0     0.951027
      10845.0     0.960683
      10880.0     0.972555
      10915.0     0.977863
      10950.0     0.976976
      10985.0     0.973492
      11020.0     0.971827
      11055.0     0.967996
      11090.0     0.958521
      11125.0     0.946549
      11160.0     0.936864
      11195.0     0.932966
      11230.0     0.936103
      11265.0     0.944317
      11300.0     0.953744
      11335.0     0.961094
      11370.0     0.966157
      11405.0     0.971313
      11440.0     0.976392
      11475.0     0.982651
      11510.0     0.984531
      11545.0     0.976853
      11580.0     0.964979
      11615.0     0.957738
      11650.0     0.961937
      11685.0     0.973329
      11720.0     0.986347
      11755.0     0.996270
      11790.0      1.00000
      11825.0     0.982341
      11860.0     0.946999
      11895.0     0.940872
      11930.0     0.978327
      11965.0     0.804884
      12000.0     0.377367
      12035.0     0.128795
      12070.0    0.0466524
      12105.0    0.0186765
      12140.0   0.00773352
      12175.0   0.00310975
      12210.0   0.00135288
      12245.0  0.000399532
      12280.0  0.000103900
      12315.0  0.000103720
      12350.0  0.000103727
      12385.0  0.000103735
      12420.0  0.000103766
      12455.0  0.000103816
      12490.0  0.000103868
      12525.0  0.000103951
      12560.0  0.000104050
      12595.0  0.000104148
      12630.0  0.000104235
      12665.0  0.000104318
      12700.0  0.000104401
      12735.0  0.000104485
      12770.0  0.000104568
      12805.0  0.000104638
      12840.0  0.000104665
      12875.0  0.000104687
      12910.0  0.000104709
      12945.0  0.000104732
      12980.0  0.000104754
      13015.0  0.000104827
      13050.0  0.000104967
      13085.0  0.000105107
      13120.0  0.000105247
      13155.0  0.000105387
      13190.0  0.000105526
      13225.0  0.000105614
      13260.0  0.000105677
      13295.0  0.000105741
      13330.0  0.000105805
      13365.0  0.000105869
      13400.0  0.000105908
      13435.0  0.000105795
      13470.0  0.000105657
      13505.0  0.000105530
      13540.0  0.000105438
      13575.0  0.000105350
      13610.0  0.000105046
      13645.0  0.000104279
      13680.0  0.000103497
      13715.0  0.000102716
      13750.0  0.000101936
      13785.0  0.000101159
      13820.0  0.000100530
      13855.0  0.000100923
      13890.0  0.000101750
      13925.0  0.000102580
      13960.0  0.000103414
      13995.0  0.000104214
      14030.0  0.000104577
      14065.0  0.000104816
      14100.0  0.000105054
      14135.0  0.000105292
      14170.0  0.000105530
      14205.0  0.000105697
      14240.0  0.000105619
      14275.0  0.000105517
      14310.0  0.000105414
      14345.0  0.000105311
      14380.0  0.000105208
      14415.0  0.000105075
      14450.0  0.000104902
      14485.0  0.000104729
      14520.0  0.000104680
      14555.0  0.000104724
      14590.0  0.000104768
      14625.0  0.000104783
      14660.0  0.000104787
      14695.0  0.000104790
      14730.0  0.000104794
      14765.0  0.000104798
      14800.0  0.000104797
      14835.0  0.000104769
      14870.0  0.000104736
      14905.0  0.000104703
      14940.0  0.000104670
      14975.0  0.000104636
      15010.0  0.000104600
      15045.0  0.000104555
      15080.0  0.000104511
      15115.0  0.000104466
      15150.0  0.000104421
      15185.0  0.000104376
      15220.0  0.000104314
      15255.0  0.000104239
      15290.0  0.000104163
      15325.0  0.000104088
      15360.0  0.000104013
      15395.0  0.000103938
      15430.0  0.000103877
      15465.0  0.000103820
      15500.0  0.000103767
      15535.0  0.000103737
      15570.0  0.000103711
      15605.0  0.000103680
      15640.0  0.000103636
      15675.0  0.000103590
      15710.0  0.000103544
      15745.0  0.000103499
      15780.0  0.000103453
      15815.0  0.000103413
      15850.0  0.000103382
      15885.0  0.000103350
      15920.0  0.000103319
      15955.0  0.000103295
      15990.0      0.00000
      16025.0      0.00000
