0.0
      1980.00      0.00000
      1985.00      0.00000
      1990.00    0.0333387
      1995.00    0.0392281
      2000.00    0.0474731
      2005.00    0.0578023
      2010.00    0.0690682
      2015.00    0.0832765
      2020.00    0.0986672
      2025.00     0.117056
      2030.00     0.136623
      2035.00     0.158739
      2040.00     0.181798
      2045.00     0.205964
      2050.00     0.230566
      2055.00     0.254856
      2060.00     0.279055
      2065.00     0.301479
      2070.00     0.323392
      2075.00     0.343414
      2080.00     0.362852
      2085.00     0.380209
      2090.00     0.396966
      2095.00     0.412294
      2100.00     0.427835
      2105.00     0.446255
      2110.00     0.465389
      2115.00     0.484121
      2120.00     0.503009
      2125.00     0.521822
      2130.00     0.540857
      2135.00     0.559650
      2140.00     0.578564
      2145.00     0.596761
      2150.00     0.614900
      2155.00     0.632107
      2160.00     0.649147
      2165.00     0.665011
      2170.00     0.680587
      2175.00     0.694768
      2180.00     0.708534
      2185.00     0.720606
      2190.00     0.732191
      2195.00     0.742735
      2200.00     0.753104
      2205.00     0.763353
      2210.00     0.773424
      2215.00     0.782575
      2220.00     0.791431
      2225.00     0.799715
      2230.00     0.807573
      2235.00     0.813836
      2240.00     0.819809
      2245.00     0.825804
      2250.00     0.831801
      2255.00     0.837939
      2260.00     0.844145
      2265.00     0.850789
      2270.00     0.857603
      2275.00     0.864965
      2280.00     0.872500
      2285.00     0.880151
      2290.00     0.887910
      2295.00     0.896396
      2300.00     0.904791
      2305.00     0.911288
      2310.00     0.917503
      2315.00     0.923902
      2320.00     0.930371
      2325.00     0.936832
      2330.00     0.943302
      2335.00     0.949687
      2340.00     0.956039
      2345.00     0.962095
      2350.00     0.968025
      2355.00     0.973335
      2360.00     0.978419
      2365.00     0.982901
      2370.00     0.987147
      2375.00     0.990684
      2380.00     0.993942
      2385.00     0.996442
      2390.00     0.998627
      2395.00     0.999896
      2400.00      1.00000
      2405.00     0.994464
      2410.00     0.987817
      2415.00     0.980255
      2420.00     0.972388
      2425.00     0.963949
      2430.00     0.955187
      2435.00     0.944976
      2440.00     0.934400
      2445.00     0.923508
      2450.00     0.912491
      2455.00     0.900875
      2460.00     0.889059
      2465.00     0.876665
      2470.00     0.864097
      2475.00     0.851176
      2480.00     0.838157
      2485.00     0.824904
      2490.00     0.811581
      2495.00     0.797921
      2500.00     0.783999
      2505.00     0.768855
      2510.00     0.753520
      2515.00     0.737987
      2520.00     0.722429
      2525.00     0.706618
      2530.00     0.690773
      2535.00     0.674736
      2540.00     0.658697
      2545.00     0.642585
      2550.00     0.626514
      2555.00     0.610461
      2560.00     0.594457
      2565.00     0.578255
      2570.00     0.562066
      2575.00     0.545985
      2580.00     0.530011
      2585.00     0.514206
      2590.00     0.498508
      2595.00     0.482797
      2600.00     0.467012
      2605.00     0.450532
      2610.00     0.434114
      2615.00     0.418311
      2620.00     0.402793
      2625.00     0.387357
      2630.00     0.372083
      2635.00     0.357174
      2640.00     0.342500
      2645.00     0.328306
      2650.00     0.314400
      2655.00     0.301149
      2660.00     0.288213
      2665.00     0.275712
      2670.00     0.263442
      2675.00     0.251405
      2680.00     0.239552
      2685.00     0.228084
      2690.00     0.216861
      2695.00     0.206243
      2700.00     0.196080
      2705.00     0.187377
      2710.00     0.179013
      2715.00     0.170967
      2720.00     0.163060
      2725.00     0.155609
      2730.00     0.148316
      2735.00     0.141187
      2740.00     0.134152
      2745.00     0.127615
      2750.00     0.121226
      2755.00     0.114755
      2760.00     0.108306
      2765.00     0.102384
      2770.00    0.0967133
      2775.00    0.0921189
      2780.00    0.0878658
      2785.00    0.0837260
      2790.00    0.0795984
      2795.00    0.0751496
      2800.00    0.0706928
      2805.00    0.0671849
      2810.00    0.0638967
      2815.00    0.0600658
      2820.00    0.0560846
      2825.00    0.0524487
      2830.00    0.0490534
      2835.00    0.0475228
      2840.00    0.0464589
      2845.00    0.0439991
      2850.00    0.0411951
      2855.00    0.0396199
      2860.00    0.0382709
      2865.00    0.0349577
      2870.00    0.0311638
      2875.00    0.0291962
      2880.00    0.0277876
      2885.00    0.0263056
      2890.00    0.0248175
      2895.00    0.0235808
      2900.00    0.0224302
      2905.00    0.0213560
      2910.00    0.0203081
      2915.00    0.0194242
      2920.00    0.0185677
      2925.00    0.0174394
      2930.00    0.0162505
      2935.00    0.0154607
      2940.00    0.0148095
      2945.00    0.0143707
      2950.00    0.0139779
      2955.00    0.0133294
      2960.00    0.0125991
      2965.00    0.0119005
      2970.00    0.0112042
      2975.00    0.0104425
      2980.00   0.00967813
      2985.00   0.00920130
      2990.00   0.00882632
      2995.00   0.00861056
      3000.00   0.00841787
      3005.00   0.00788266
      3010.00   0.00726942
      3015.00   0.00701805
      3020.00   0.00688989
      3025.00   0.00686074
      3030.00   0.00683710
      3035.00   0.00645996
      3040.00   0.00596332
      3045.00   0.00537825
      3050.00   0.00479525
      3055.00   0.00462030
      3060.00   0.00458219
      3065.00   0.00461575
      3070.00   0.00464536
      3075.00   0.00430675
      3080.00   0.00387348
      3085.00   0.00376822
      3090.00   0.00376936
      3095.00   0.00377628
      3100.00   0.00375905
      3105.00   0.00338766
      3110.00   0.00291401
      3115.00   0.00261497
      3120.00   0.00238061
      3125.00   0.00225308
      3130.00   0.00216033
      3135.00   0.00206760
      3140.00   0.00197615
      3145.00   0.00190198
      3150.00   0.00183347
      3155.00   0.00176498
      3160.00   0.00169690
      3165.00   0.00163409
      3170.00   0.00157304
      3175.00   0.00151200
      3180.00   0.00145147
      3185.00   0.00139784
      3190.00   0.00134651
      3195.00   0.00129518
      3200.00   0.00124420
      3205.00   0.00119856
      3210.00   0.00115480
      3215.00   0.00111112
      3220.00   0.00106780
      3225.00   0.00102904
      3230.00  0.000991807
      3235.00  0.000954631
      3240.00  0.000917889
      3245.00  0.000886696
      3250.00  0.000857370
      3255.00  0.000828086
      3260.00  0.000799117
      3265.00  0.000774136
      3270.00  0.000750506
      3275.00  0.000726907
      3280.00  0.000703459
      3285.00  0.000681711
      3290.00  0.000660553
      3295.00  0.000639424
      3300.00  0.000618455
      3305.00  0.000599421
      3310.00  0.000581051
      3315.00  0.000562706
      3320.00  0.000544548
      3325.00  0.000528733
      3330.00  0.000513725
      3335.00  0.000498738
      3340.00  0.000483839
      3345.00  0.000469932
      3350.00  0.000456374
      3355.00  0.000442835
      3360.00  0.000429390
      3365.00  0.000417058
      3370.00  0.000405116
      3375.00  0.000393191
      3380.00  0.000381390
      3385.00  0.000371209
      3390.00  0.000361586
      3395.00  0.000351976
      3400.00  0.000342358
      3405.00  0.000333412
      3410.00  0.000324850
      3415.00  0.000316338
      3420.00  0.000307894
      3425.00  0.000299792
      3430.00  0.000291835
      3435.00  0.000283919
      3440.00  0.000276109
      3445.00  0.000269251
      3450.00  0.000262744
      3455.00  0.000256275
      3460.00  0.000249824
      3465.00  0.000243100
      3470.00  0.000236309
      3475.00  0.000229560
      3480.00  0.000222902
      3485.00  0.000217028
      3490.00  0.000211448
      3495.00  0.000205902
      3500.00  0.000200411
      3505.00  0.000195298
      3510.00  0.000190334
      3515.00  0.000185400
      3520.00  0.000180541
      3525.00  0.000176389
      3530.00  0.000172497
      3535.00  0.000168630
      3540.00  0.000164795
      3545.00  0.000161113
      3550.00  0.000157500
      3555.00  0.000153909
      3560.00  0.000150331
      3565.00  0.000146622
      3570.00  0.000142883
      3575.00  0.000139167
      3580.00  0.000135510
      3585.00  0.000132427
      3590.00  0.000129557
      3595.00  0.000126705
      3600.00  0.000123967
      3605.00  0.000122028
      3610.00  0.000120282
      3615.00  0.000118532
      3620.00  0.000116782
      3625.00  0.000115116
      3630.00  0.000113475
      3635.00  0.000111824
      3640.00  0.000110170
      3645.00  0.000108536
      3650.00  0.000106906
      3655.00  0.000105274
      3660.00  0.000103632
      3665.00  0.000101904
      3670.00  0.000100143
      3675.00  9.83773e-05
      3680.00  9.66249e-05
      3685.00  9.51414e-05
      3690.00  9.37526e-05
      3695.00  9.23605e-05
      3700.00  9.09741e-05
      3705.00  8.97255e-05
      3710.00  8.85249e-05
      3715.00  8.73215e-05
      3720.00  8.61217e-05
      3725.00  8.50176e-05
      3730.00  8.39469e-05
      3735.00  8.28739e-05
      3740.00  8.17970e-05
      3745.00  8.06931e-05
      3750.00  7.95778e-05
      3755.00  7.84600e-05
      3760.00  7.73403e-05
      3765.00  7.62243e-05
      3770.00  7.51081e-05
      3775.00  7.39894e-05
      3780.00  7.28841e-05
      3785.00  7.20416e-05
      3790.00  7.12943e-05
      3795.00  7.05453e-05
      3800.00  6.98152e-05
      3805.00  6.92442e-05
      3810.00  6.87079e-05
      3815.00  6.81671e-05
      3820.00  6.76072e-05
      3825.00  6.67938e-05
      3830.00  6.58822e-05
      3835.00  6.49641e-05
      3840.00  6.40668e-05
      3845.00  6.36323e-05
      3850.00  6.33677e-05
      3855.00  6.31005e-05
      3860.00  6.28137e-05
      3865.00  6.22367e-05
      3870.00  6.15483e-05
      3875.00  6.08549e-05
      3880.00  6.01677e-05
      3885.00  5.96630e-05
      3890.00  5.92249e-05
      3895.00  5.87833e-05
      3900.00  5.83354e-05
      3905.00  5.78372e-05
      3910.00  5.73177e-05
      3915.00  5.67941e-05
      3920.00  5.62690e-05
      3925.00  5.57778e-05
      3930.00  5.52972e-05
      3935.00  5.48130e-05
      3940.00  5.43298e-05
      3945.00  5.39221e-05
      3950.00  5.35412e-05
      3955.00  5.31572e-05
      3960.00  5.27706e-05
      3965.00  5.23872e-05
      3970.00  5.20033e-05
      3975.00  5.16163e-05
      3980.00  5.12381e-05
      3985.00  5.10622e-05
      3990.00  5.09627e-05
      3995.00  5.08618e-05
      4000.00  5.07392e-05
      4005.00  5.03984e-05
      4010.00  4.99887e-05
      4015.00  4.95781e-05
      4020.00  4.91687e-05
      4025.00  4.87909e-05
      4030.00  4.84268e-05
      4035.00  4.80732e-05
      4040.00  4.77141e-05
      4045.00  4.72368e-05
      4050.00  4.67132e-05
      4055.00  4.61883e-05
      4060.00  4.56662e-05
      4065.00  4.52138e-05
      4070.00  4.47879e-05
      4075.00  4.43610e-05
      4080.00  4.39372e-05
      4085.00  4.35891e-05
      4090.00  4.32699e-05
      4095.00  4.29498e-05
      4100.00  4.26309e-05
      4105.00  4.23458e-05
      4110.00  4.20735e-05
      4115.00  4.18005e-05
      4120.00  4.15317e-05
      4125.00  4.13525e-05
      4130.00  4.12080e-05
      4135.00  4.10631e-05
      4140.00  4.09100e-05
      4145.00  4.06129e-05
      4150.00  4.02588e-05
      4155.00  3.99038e-05
      4160.00  3.95563e-05
      4165.00  3.93609e-05
      4170.00  3.92253e-05
      4175.00  3.90892e-05
      4180.00  3.89482e-05
      4185.00  3.87226e-05
      4190.00  3.84632e-05
      4195.00  3.82032e-05
      4200.00  3.79411e-05
      4205.00  3.76494e-05
      4210.00  3.73455e-05
      4215.00  3.70409e-05
      4220.00  3.67471e-05
      4225.00  3.66659e-05
      4230.00  3.66686e-05
      4235.00  3.66660e-05
      4240.00  3.66526e-05
      4245.00  3.64426e-05
      4250.00  3.61546e-05
      4255.00  3.58661e-05
      4260.00  3.55778e-05
      4265.00  3.53035e-05
      4270.00  3.50345e-05
      4275.00  3.47651e-05
      4280.00  3.45005e-05
      4285.00  3.43431e-05
      4290.00  3.42283e-05
      4295.00  3.41132e-05
      4300.00  3.39918e-05
      4305.00  3.37507e-05
      4310.00  3.34612e-05
      4315.00  3.31712e-05
      4320.00  3.28871e-05
      4325.00  3.27241e-05
      4330.00  3.26103e-05
      4335.00  3.24962e-05
      4340.00  3.23806e-05
      4345.00  3.22373e-05
      4350.00  3.20827e-05
      4355.00  3.19278e-05
      4360.00  3.17755e-05
      4365.00  3.16815e-05
      4370.00  3.16111e-05
      4375.00  3.15406e-05
      4380.00  3.14719e-05
      4385.00  3.14455e-05
      4390.00  3.14362e-05
      4395.00  3.14268e-05
      4400.00  3.14130e-05
      4405.00  3.13133e-05
      4410.00  3.11779e-05
      4415.00  3.10423e-05
      4420.00  3.09054e-05
      4425.00  3.07453e-05
      4430.00  3.05764e-05
      4435.00  3.04115e-05
      4440.00  3.02519e-05
      4445.00  3.01898e-05
      4450.00  3.01683e-05
      4455.00  3.01467e-05
      4460.00  3.01209e-05
      4465.00  3.00118e-05
      4470.00  2.98678e-05
      4475.00  2.97235e-05
      4480.00  2.95763e-05
      4485.00  2.93717e-05
      4490.00  2.91429e-05
      4495.00  2.89138e-05
      4500.00  2.86816e-05
      4505.00  2.84225e-05
      4510.00  2.81548e-05
      4515.00  2.78868e-05
      4520.00  2.76267e-05
      4525.00  2.75361e-05
      4530.00  2.75165e-05
      4535.00  2.74969e-05
      4540.00  2.74779e-05
      4545.00  2.74712e-05
      4550.00  2.74698e-05
      4555.00  2.74683e-05
      4560.00  2.74633e-05
      4565.00  2.73830e-05
      4570.00  2.72708e-05
      4575.00  2.71584e-05
      4580.00  2.70444e-05
      4585.00  2.68936e-05
      4590.00  2.67274e-05
      4595.00  2.65611e-05
      4600.00  2.63996e-05
      4605.00  2.63409e-05
      4610.00  2.63262e-05
      4615.00  2.63116e-05
      4620.00  2.62921e-05
      4625.00  2.61700e-05
      4630.00  2.60036e-05
      4635.00  2.58350e-05
      4640.00  2.56676e-05
      4645.00  2.55395e-05
      4650.00  2.54280e-05
      4655.00  2.53165e-05
      4660.00  2.52120e-05
      4665.00  2.52656e-05
      4670.00  2.53870e-05
      4675.00  2.55086e-05
      4680.00  2.56269e-05
      4685.00  2.56733e-05
      4690.00  2.56886e-05
      4695.00  2.57040e-05
      4700.00  2.57064e-05
      4705.00  2.54124e-05
      4710.00  2.49905e-05
      4715.00  2.45684e-05
      4720.00  2.41531e-05
      4725.00  2.39035e-05
      4730.00  2.37255e-05
      4735.00  2.35473e-05
      4740.00  2.33809e-05
      4745.00  2.34744e-05
      4750.00  2.36820e-05
      4755.00  2.38897e-05
      4760.00  2.40902e-05
      4765.00  2.41274e-05
      4770.00  2.40929e-05
      4775.00  2.40583e-05
      4780.00  2.40204e-05
      4785.00  2.39066e-05
      4790.00  2.37594e-05
      4795.00  2.36121e-05
      4800.00  2.34679e-05
      4805.00  2.33987e-05
      4810.00  2.33625e-05
      4815.00  2.33263e-05
      4820.00  2.32935e-05
      4825.00  2.33368e-05
      4830.00  2.34139e-05
      4835.00  2.34901e-05
      4840.00  2.35620e-05
      4845.00  2.35393e-05
      4850.00  2.34743e-05
      4855.00  2.34093e-05
      4860.00  2.33408e-05
      4865.00  2.31916e-05
      4870.00  2.30062e-05
      4875.00  2.28209e-05
      4880.00  2.26420e-05
      4885.00  2.26180e-05
      4890.00  2.26635e-05
      4895.00  2.27090e-05
      4900.00  2.27558e-05
      4905.00  2.28319e-05
      4910.00  2.29213e-05
      4915.00  2.30106e-05
      4920.00  2.30927e-05
      4925.00  2.30068e-05
      4930.00  2.28445e-05
      4935.00  2.26822e-05
      4940.00  2.25230e-05
      4945.00  2.24409e-05
      4950.00  2.23939e-05
      4955.00  2.23469e-05
      4960.00  2.22983e-05
      4965.00  2.22107e-05
      4970.00  2.21055e-05
      4975.00  2.20002e-05
      4980.00  2.18955e-05
      4985.00  2.18055e-05
      4990.00  2.17221e-05
      4995.00  2.16387e-05
      5000.00  2.15566e-05
      5005.00  2.15127e-05
      5010.00  2.14868e-05
      5015.00  2.14609e-05
      5020.00  2.14325e-05
      5025.00  2.13382e-05
      5030.00  2.12134e-05
      5035.00  2.10869e-05
      5040.00  2.09631e-05
      5045.00  2.09133e-05
      5050.00  2.08979e-05
      5055.00  2.08825e-05
      5060.00  2.08701e-05
      5065.00  2.09318e-05
      5070.00  2.10280e-05
      5075.00  2.11243e-05
      5080.00  2.12166e-05
      5085.00  2.12160e-05
      5090.00  2.11717e-05
      5095.00  2.11275e-05
      5100.00  2.10804e-05
      5105.00  2.09607e-05
      5110.00  2.08070e-05
      5115.00  2.06533e-05
      5120.00  2.05108e-05
      5125.00  2.06440e-05
      5130.00  2.09073e-05
      5135.00  2.11706e-05
      5140.00  2.14243e-05
      5145.00  2.14285e-05
      5150.00  2.13153e-05
      5155.00  2.12022e-05
      5160.00  2.10890e-05
      5165.00  2.09713e-05
      5170.00  2.08517e-05
      5175.00  2.07320e-05
      5180.00  2.06171e-05
      5185.00  2.06224e-05
      5190.00  2.06851e-05
      5195.00  2.07479e-05
      5200.00  2.08037e-05
      5205.00  2.06581e-05
      5210.00  2.04179e-05
      5215.00  2.01776e-05
      5220.00  1.99427e-05
      5225.00  1.98405e-05
      5230.00  1.98022e-05
      5235.00  1.97644e-05
      5240.00  1.97289e-05
      5245.00  1.97531e-05
      5250.00  1.98058e-05
      5255.00  1.98585e-05
      5260.00  1.99083e-05
      5265.00  1.98733e-05
      5270.00  1.97979e-05
      5275.00  1.97225e-05
      5280.00  1.96496e-05
      5285.00  1.96433e-05
      5290.00  1.96693e-05
      5295.00  1.96953e-05
      5300.00  1.97194e-05
      5305.00  1.96939e-05
      5310.00  1.96441e-05
      5315.00  1.95944e-05
      5320.00  1.95470e-05
      5325.00  1.95636e-05
      5330.00  1.96115e-05
      5335.00  1.96593e-05
      5340.00  1.97071e-05
      5345.00  1.97542e-05
      5350.00  1.98008e-05
      5355.00  1.98474e-05
      5360.00  1.98904e-05
      5365.00  1.98298e-05
      5370.00  1.97185e-05
      5375.00  1.96072e-05
      5380.00  1.94956e-05
      5385.00  1.93729e-05
      5390.00  1.92448e-05
      5395.00  1.91167e-05
      5400.00  1.89887e-05
      5405.00  1.88615e-05
      5410.00  1.87347e-05
      5415.00  1.86080e-05
      5420.00  1.84852e-05
      5425.00  1.84763e-05
      5430.00  1.85241e-05
      5435.00  1.85717e-05
      5440.00  1.86211e-05
      5445.00  1.87215e-05
      5450.00  1.88474e-05
      5455.00  1.89732e-05
      5460.00  1.90942e-05
      5465.00  1.90766e-05
      5470.00  1.89896e-05
      5475.00  1.89027e-05
      5480.00  1.88166e-05
      5485.00  1.87540e-05
      5490.00  1.87034e-05
      5495.00  1.86528e-05
      5500.00  1.86022e-05
      5505.00  1.85544e-05
      5510.00  1.85078e-05
      5515.00  1.84612e-05
      5520.00  1.84187e-05
      5525.00  1.85096e-05
      5530.00  1.86673e-05
      5535.00  1.88249e-05
      5540.00  1.89771e-05
      5545.00  1.89697e-05
      5550.00  1.88813e-05
      5555.00  1.87929e-05
      5560.00  1.87079e-05
      5565.00  1.87237e-05
      5570.00  1.87912e-05
      5575.00  1.88586e-05
      5580.00  1.89259e-05
      5585.00  1.89899e-05
      5590.00  1.90521e-05
      5595.00  1.91143e-05
      5600.00  1.91720e-05
      5605.00  1.90877e-05
      5610.00  1.89307e-05
      5615.00  1.87738e-05
      5620.00  1.86198e-05
      5625.00  1.85689e-05
      5630.00  1.85701e-05
      5635.00  1.85695e-05
      5640.00  1.85668e-05
      5645.00  1.85108e-05
      5650.00  1.84272e-05
      5655.00  1.83436e-05
      5660.00  1.82606e-05
      5665.00  1.81922e-05
      5670.00  1.81316e-05
      5675.00  1.80709e-05
      5680.00  1.80139e-05
      5685.00  1.80782e-05
      5690.00  1.82052e-05
      5695.00  1.83322e-05
      5700.00  1.84555e-05
      5705.00  1.84679e-05
      5710.00  1.84220e-05
      5715.00  1.83761e-05
      5720.00  1.83285e-05
      5725.00  1.82217e-05
      5730.00  1.80841e-05
      5735.00  1.79465e-05
      5740.00  1.78130e-05
      5745.00  1.78009e-05
      5750.00  1.78533e-05
      5755.00  1.79056e-05
      5760.00  1.79559e-05
      5765.00  1.79349e-05
      5770.00  1.78765e-05
      5775.00  1.78181e-05
      5780.00  1.77597e-05
      5785.00  1.77020e-05
      5790.00  1.76447e-05
      5795.00  1.75874e-05
      5800.00  1.75349e-05
      5805.00  1.76348e-05
      5810.00  1.78161e-05
      5815.00  1.79974e-05
      5820.00  1.81686e-05
      5825.00  1.80306e-05
      5830.00  1.77261e-05
      5835.00  1.74226e-05
      5840.00  1.71249e-05
      5845.00  1.69951e-05
      5850.00  1.69563e-05
      5855.00  1.69176e-05
      5860.00  1.68782e-05
      5865.00  1.68199e-05
      5870.00  1.67512e-05
      5875.00  1.66825e-05
      5880.00  1.66182e-05
      5885.00  1.66896e-05
      5890.00  1.68349e-05
      5895.00  1.69803e-05
      5900.00  1.71202e-05
      5905.00  1.70782e-05
      5910.00  1.69373e-05
      5915.00  1.67965e-05
      5920.00  1.66592e-05
      5925.00  1.66688e-05
      5930.00  1.67570e-05
      5935.00  1.68452e-05
      5940.00  1.69376e-05
      5945.00  1.71719e-05
      5950.00  1.74840e-05
      5955.00  1.77960e-05
      5960.00  1.80934e-05
      5965.00  1.79180e-05
      5970.00  1.74810e-05
      5975.00  1.70441e-05
      5980.00  1.66141e-05
      5985.00  1.64744e-05
      5990.00  1.64920e-05
      5995.00  1.65096e-05
      6000.00  1.65288e-05
      6005.00  1.65775e-05
      6010.00  1.66409e-05
      6015.00  1.67044e-05
      6020.00  1.67669e-05
      6025.00  1.67883e-05
      6030.00  1.67871e-05
      6035.00  1.67851e-05
      6040.00  1.67807e-05
      6045.00  1.66988e-05
      6050.00  1.65732e-05
      6055.00  1.64476e-05
      6060.00  1.63252e-05
      6065.00  1.63132e-05
      6070.00  1.63634e-05
      6075.00  1.64136e-05
      6080.00  1.64619e-05
      6085.00  1.64291e-05
      6090.00  1.63513e-05
      6095.00  1.62735e-05
      6100.00  1.61990e-05
      6105.00  1.62680e-05
      6110.00  1.64172e-05
      6115.00  1.65664e-05
      6120.00  1.67141e-05
      6125.00  1.68038e-05
      6130.00  1.68608e-05
      6135.00  1.69177e-05
      6140.00  1.69697e-05
      6145.00  1.68441e-05
      6150.00  1.66170e-05
      6155.00  1.63898e-05
      6160.00  1.61681e-05
      6165.00  1.61468e-05
      6170.00  1.62406e-05
      6175.00  1.63344e-05
      6180.00  1.64253e-05
      6185.00  1.64080e-05
      6190.00  1.63285e-05
      6195.00  1.62489e-05
      6200.00  1.61684e-05
      6205.00  1.60494e-05
      6210.00  1.59083e-05
      6215.00  1.57673e-05
      6220.00  1.56292e-05
      6225.00  1.56460e-05
      6230.00  1.57504e-05
      6235.00  1.58552e-05
      6240.00  1.59597e-05
      6245.00  1.60436e-05
      6250.00  1.61156e-05
      6255.00  1.61876e-05
      6260.00  1.62573e-05
      6265.00  1.62452e-05
      6270.00  1.61850e-05
      6275.00  1.61248e-05
      6280.00  1.60637e-05
      6285.00  1.59652e-05
      6290.00  1.58451e-05
      6295.00  1.57250e-05
      6300.00  1.56073e-05
      6305.00  1.55819e-05
      6310.00  1.56110e-05
      6315.00  1.56401e-05
      6320.00  1.56721e-05
      6325.00  1.58267e-05
      6330.00  1.60534e-05
      6335.00  1.62801e-05
      6340.00  1.65034e-05
      6345.00  1.65969e-05
      6350.00  1.66131e-05
      6355.00  1.66293e-05
      6360.00  1.66445e-05
      6365.00  1.66131e-05
      6370.00  1.65546e-05
      6375.00  1.64959e-05
      6380.00  1.64398e-05
      6385.00  1.64789e-05
      6390.00  1.65752e-05
      6395.00  1.66714e-05
      6400.00  1.67515e-05
      6405.00  1.61854e-05
      6410.00  1.52314e-05
      6415.00  1.42770e-05
      6420.00  1.33433e-05
      6425.00  1.35634e-05
      6430.00  1.44625e-05
      6435.00  1.53606e-05
      6440.00  1.62445e-05
      6445.00  1.64570e-05
      6450.00  1.62687e-05
      6455.00  1.60803e-05
      6460.00  1.58953e-05
      6465.00  1.58575e-05
      6470.00  1.59090e-05
      6475.00  1.59605e-05
      6480.00  1.60117e-05
      6485.00  1.60574e-05
      6490.00  1.60996e-05
      6495.00  1.61418e-05
      6500.00  1.61826e-05
      6505.00  1.62245e-05
      6510.00  1.62713e-05
      6515.00  1.63179e-05
      6520.00  1.63587e-05
      6525.00  1.61643e-05
      6530.00  1.58257e-05
      6535.00  1.54876e-05
      6540.00  1.51601e-05
      6545.00  1.52817e-05
      6550.00  1.56780e-05
      6555.00  1.60737e-05
      6560.00  1.64621e-05
      6565.00  1.64680e-05
      6570.00  1.62432e-05
      6575.00  1.60185e-05
      6580.00  1.57974e-05
      6585.00  1.57340e-05
      6590.00  1.57674e-05
      6595.00  1.58007e-05
      6600.00  1.58343e-05
      6605.00  1.58833e-05
      6610.00  1.59420e-05
      6615.00  1.60005e-05
      6620.00  1.60602e-05
      6625.00  1.61764e-05
      6630.00  1.63273e-05
      6635.00  1.64757e-05
      6640.00  1.66201e-05
      6645.00  1.65863e-05
      6650.00  1.64429e-05
      6655.00  1.62998e-05
      6660.00  1.61551e-05
      6665.00  1.59425e-05
      6670.00  1.56868e-05
      6675.00  1.54317e-05
      6680.00  1.51819e-05
      6685.00  1.52620e-05
      6690.00  1.55446e-05
      6695.00  1.58266e-05
      6700.00  1.61007e-05
      6705.00  1.60818e-05
      6710.00  1.58754e-05
      6715.00  1.56695e-05
      6720.00  1.54614e-05
      6725.00  1.51042e-05
      6730.00  1.46541e-05
      6735.00  1.42049e-05
      6740.00  1.37675e-05
      6745.00  1.38212e-05
      6750.00  1.41883e-05
      6755.00  1.45548e-05
      6760.00  1.49304e-05
      6765.00  1.57143e-05
      6770.00  1.67617e-05
      6775.00  1.78068e-05
      6780.00  1.88271e-05
      6785.00  1.86078e-05
      6790.00  1.76002e-05
      6795.00  1.65947e-05
      6800.00  1.56000e-05
      6805.00  1.51559e-05
      6810.00  1.50604e-05
      6815.00  1.49654e-05
      6820.00  1.48739e-05
      6825.00  1.49401e-05
      6830.00  1.51085e-05
      6835.00  1.52779e-05
      6840.00  1.54438e-05
      6845.00  1.54622e-05
      6850.00  1.53839e-05
      6855.00  1.53058e-05
      6860.00  1.52299e-05
      6865.00  1.52452e-05
      6870.00  1.53207e-05
      6875.00  1.53961e-05
      6880.00  1.54726e-05
      6885.00  1.56065e-05
      6890.00  1.57784e-05
      6895.00  1.59499e-05
      6900.00  1.61136e-05
      6905.00  1.59544e-05
      6910.00  1.55807e-05
      6915.00  1.52077e-05
      6920.00  1.48381e-05
      6925.00  1.45912e-05
      6930.00  1.44261e-05
      6935.00  1.42613e-05
      6940.00  1.41070e-05
      6945.00  1.45039e-05
      6950.00  1.52632e-05
      6955.00  1.60215e-05
      6960.00  1.67701e-05
      6965.00  1.68406e-05
      6970.00  1.64714e-05
      6975.00  1.61027e-05
      6980.00  1.57354e-05
      6985.00  1.54021e-05
      6990.00  1.50918e-05
      6995.00  1.47821e-05
      7000.00  1.44821e-05
      7005.00  1.46128e-05
      7010.00  1.50387e-05
      7015.00  1.54633e-05
      7020.00  1.58790e-05
      7025.00  1.58626e-05
      7030.00  1.55578e-05
      7035.00  1.52514e-05
      7040.00  1.49493e-05
      7045.00  1.48563e-05
      7050.00  1.49037e-05
      7055.00  1.49508e-05
      7060.00  1.49955e-05
      7065.00  1.49385e-05
      7070.00  1.48120e-05
      7075.00  1.46858e-05
      7080.00  1.45591e-05
      7085.00  1.43653e-05
      7090.00  1.41270e-05
      7095.00  1.38894e-05
      7100.00  1.36645e-05
      7105.00  1.39724e-05
      7110.00  1.46477e-05
      7115.00  1.53209e-05
      7120.00  1.59804e-05
      7125.00  1.58939e-05
      7130.00  1.53016e-05
      7135.00  1.47115e-05
      7140.00  1.41305e-05
      7145.00  1.39450e-05
      7150.00  1.40308e-05
      7155.00  1.41168e-05
      7160.00  1.42005e-05
      7165.00  1.41977e-05
      7170.00  1.41344e-05
      7175.00  1.40712e-05
      7180.00  1.40116e-05
      7185.00  1.42258e-05
      7190.00  1.46263e-05
      7195.00  1.50254e-05
      7200.00  1.54179e-05
      7205.00  1.54830e-05
      7210.00  1.53231e-05
      7215.00  1.51632e-05
      7220.00  1.50103e-05
      7225.00  1.51657e-05
      7230.00  1.55379e-05
      7235.00  1.59066e-05
      7240.00  1.62630e-05
      7245.00  1.61396e-05
      7250.00  1.56752e-05
      7255.00  1.52124e-05
      7260.00  1.47595e-05
      7265.00  1.47143e-05
      7270.00  1.49585e-05
      7275.00  1.52018e-05
      7280.00  1.54398e-05
      7285.00  1.54345e-05
      7290.00  1.52570e-05
      7295.00  1.50801e-05
      7300.00  1.49052e-05
      7305.00  1.48156e-05
      7310.00  1.47865e-05
      7315.00  1.47574e-05
      7320.00  1.47316e-05
      7325.00  1.48937e-05
      7330.00  1.51894e-05
      7335.00  1.54839e-05
      7340.00  1.57684e-05
      7345.00  1.55663e-05
      7350.00  1.50150e-05
      7355.00  1.44658e-05
      7360.00  1.39290e-05
      7365.00  1.39031e-05
      7370.00  1.42484e-05
      7375.00  1.45922e-05
      7380.00  1.49342e-05
      7385.00  1.52543e-05
      7390.00  1.55581e-05
      7395.00  1.58606e-05
      7400.00  1.61555e-05
      7405.00  1.61014e-05
      7410.00  1.57946e-05
      7415.00  1.54885e-05
      7420.00  1.51857e-05
      7425.00  1.50932e-05
      7430.00  1.51505e-05
      7435.00  1.52107e-05
      7440.00  1.52711e-05
      7445.00  1.53206e-05
      7450.00  1.53623e-05
      7455.00  1.54038e-05
      7460.00  1.54425e-05
      7465.00  1.53577e-05
      7470.00  1.51811e-05
      7475.00  1.50050e-05
      7480.00  1.48339e-05
      7485.00  1.50004e-05
      7490.00  1.54110e-05
      7495.00  1.58210e-05
      7500.00  1.62233e-05
      7505.00  1.62504e-05
      7510.00  1.60017e-05
      7515.00  1.57539e-05
      7520.00  1.55117e-05
      7525.00  1.55356e-05
      7530.00  1.57567e-05
      7535.00  1.59775e-05
      7540.00  1.61964e-05
      7545.00  1.63333e-05
      7550.00  1.64097e-05
      7555.00  1.64858e-05
      7560.00  1.65603e-05
      7565.00  1.65706e-05
      7570.00  1.65329e-05
      7575.00  1.64952e-05
      7580.00  1.64594e-05
      7585.00  1.65534e-05
      7590.00  1.67444e-05
      7595.00  1.69347e-05
      7600.00  1.71222e-05
      7605.00  1.71690e-05
      7610.00  1.71114e-05
      7615.00  1.70535e-05
      7620.00  1.69973e-05
      7625.00  1.69998e-05
      7630.00      0.00000
      7635.00      0.00000
