0.0
      3910.00      0.00000
      3925.00      0.00000
      3940.00    0.0116944
      3955.00    0.0284012
      3970.00    0.0791914
      3985.00     0.175203
      4000.00     0.300446
      4015.00     0.422620
      4030.00     0.516151
      4045.00     0.580049
      4060.00     0.620952
      4075.00     0.648405
      4090.00     0.667824
      4105.00     0.683087
      4120.00     0.694983
      4135.00     0.706811
      4150.00     0.719418
      4165.00     0.733934
      4180.00     0.750645
      4195.00     0.767250
      4210.00     0.782424
      4225.00     0.794458
      4240.00     0.801245
      4255.00     0.803402
      4270.00     0.803053
      4285.00     0.803004
      4300.00     0.807061
      4315.00     0.815969
      4330.00     0.828963
      4345.00     0.843580
      4360.00     0.855701
      4375.00     0.863465
      4390.00     0.866396
      4405.00     0.866372
      4420.00     0.867184
      4435.00     0.871546
      4450.00     0.880867
      4465.00     0.894232
      4480.00     0.909511
      4495.00     0.924054
      4510.00     0.934734
      4525.00     0.940885
      4540.00     0.944874
      4555.00     0.947685
      4570.00     0.950204
      4585.00     0.952047
      4600.00     0.952766
      4615.00     0.951597
      4630.00     0.947490
      4645.00     0.941713
      4660.00     0.935776
      4675.00     0.931679
      4690.00     0.930825
      4705.00     0.934453
      4720.00     0.941652
      4735.00     0.951452
      4750.00     0.961185
      4765.00     0.970216
      4780.00     0.977038
      4795.00     0.981120
      4810.00     0.984231
      4825.00     0.986726
      4840.00     0.989807
      4855.00     0.993676
      4870.00     0.997611
      4885.00      1.00000
      4900.00     0.999909
      4915.00     0.996488
      4930.00     0.989995
      4945.00     0.981346
      4960.00     0.971515
      4975.00     0.962882
      4990.00     0.955837
      5005.00     0.951747
      5020.00     0.950059
      5035.00     0.950823
      5050.00     0.952263
      5065.00     0.954968
      5080.00     0.957321
      5095.00     0.959035
      5110.00     0.960151
      5125.00     0.960517
      5140.00     0.960512
      5155.00     0.959241
      5170.00     0.957700
      5185.00     0.956475
      5200.00     0.955036
      5215.00     0.955516
      5230.00     0.956229
      5245.00     0.959143
      5260.00     0.961011
      5275.00     0.962105
      5290.00     0.958849
      5305.00     0.951520
      5320.00     0.938148
      5335.00     0.922651
      5350.00     0.906043
      5365.00     0.893694
      5380.00     0.885704
      5395.00     0.881901
      5410.00     0.879368
      5425.00     0.874539
      5440.00     0.865921
      5455.00     0.855989
      5470.00     0.841671
      5485.00     0.790921
      5500.00     0.640785
      5515.00     0.401791
      5530.00     0.196650
      5545.00    0.0827332
      5560.00    0.0344871
      5575.00    0.0180476
      5590.00      0.00000
      5605.00      0.00000
