0.0
      3830.00      0.00000
      3840.00      0.00000
      3850.00   0.00194139
      3860.00   0.00255633
      3870.00   0.00371887
      3880.00   0.00552232
      3890.00   0.00826537
      3900.00    0.0124919
      3910.00    0.0192627
      3920.00    0.0304290
      3930.00    0.0489324
      3940.00    0.0783386
      3950.00     0.125710
      3960.00     0.199113
      3970.00     0.302700
      3980.00     0.429351
      3990.00     0.557293
      4000.00     0.662419
      4010.00     0.730200
      4020.00     0.766184
      4030.00     0.783200
      4040.00     0.787211
      4050.00     0.785635
      4060.00     0.784149
      4070.00     0.788513
      4080.00     0.798595
      4090.00     0.809169
      4100.00     0.817921
      4110.00     0.823457
      4120.00     0.829573
      4130.00     0.837244
      4140.00     0.845391
      4150.00     0.852601
      4160.00     0.857402
      4170.00     0.863320
      4180.00     0.868810
      4190.00     0.873964
      4200.00     0.875473
      4210.00     0.873388
      4220.00     0.872129
      4230.00     0.874612
      4240.00     0.882411
      4250.00     0.891327
      4260.00     0.897924
      4270.00     0.901970
      4280.00     0.905519
      4290.00     0.912152
      4300.00     0.920946
      4310.00     0.930145
      4320.00     0.935592
      4330.00     0.937359
      4340.00     0.937799
      4350.00     0.940012
      4360.00     0.944623
      4370.00     0.948817
      4380.00     0.949747
      4390.00     0.946483
      4400.00     0.940926
      4410.00     0.938498
      4420.00     0.940138
      4430.00     0.947739
      4440.00     0.959858
      4450.00     0.971497
      4460.00     0.981820
      4470.00     0.988074
      4480.00     0.991218
      4490.00     0.993841
      4500.00     0.996958
      4510.00      1.00000
      4520.00     0.999552
      4530.00     0.993574
      4540.00     0.982526
      4550.00     0.971062
      4560.00     0.962507
      4570.00     0.953771
      4580.00     0.936582
      4590.00     0.906480
      4600.00     0.872976
      4610.00     0.855065
      4620.00     0.868447
      4630.00     0.898698
      4640.00     0.875314
      4650.00     0.728795
      4660.00     0.484607
      4670.00     0.258222
      4680.00     0.117721
      4690.00    0.0510831
      4700.00    0.0226033
      4710.00    0.0125038
      4720.00      0.00000
      4730.00      0.00000
