0.0
      4515.00      0.00000
      4530.00      0.00000
      4545.00   0.00303938
      4560.00   0.00431583
      4575.00   0.00891570
      4590.00    0.0144497
      4605.00    0.0221735
      4620.00    0.0337982
      4635.00    0.0505581
      4650.00    0.0742617
      4665.00     0.105945
      4680.00     0.144810
      4695.00     0.196130
      4710.00     0.252663
      4725.00     0.307462
      4740.00     0.362088
      4755.00     0.420188
      4770.00     0.477163
      4785.00     0.538137
      4800.00     0.598471
      4815.00     0.652096
      4830.00     0.704247
      4845.00     0.747915
      4860.00     0.786143
      4875.00     0.810411
      4890.00     0.832894
      4905.00     0.848834
      4920.00     0.862982
      4935.00     0.874404
      4950.00     0.878744
      4965.00     0.902656
      4980.00     0.925785
      4995.00     0.938385
      5010.00     0.956649
      5025.00     0.965698
      5040.00     0.973038
      5055.00     0.975855
      5070.00     0.970808
      5085.00     0.965695
      5100.00     0.955308
      5115.00     0.950358
      5130.00     0.948658
      5145.00     0.944958
      5160.00     0.946038
      5175.00     0.956592
      5190.00     0.961749
      5205.00     0.969156
      5220.00     0.976493
      5235.00     0.982007
      5250.00     0.980710
      5265.00     0.980139
      5280.00     0.975752
      5295.00     0.965372
      5310.00     0.957965
      5325.00     0.951175
      5340.00     0.948327
      5355.00     0.943983
      5370.00     0.945361
      5385.00     0.955126
      5400.00     0.961077
      5415.00     0.966589
      5430.00     0.977868
      5445.00     0.986277
      5460.00     0.986950
      5475.00     0.993905
      5490.00     0.997221
      5505.00      1.00000
      5520.00     0.990562
      5535.00     0.983546
      5550.00     0.974167
      5565.00     0.966260
      5580.00     0.957695
      5595.00     0.945809
      5610.00     0.930551
      5625.00     0.921287
      5640.00     0.920477
      5655.00     0.902728
      5670.00     0.894938
      5685.00     0.883556
      5700.00     0.868468
      5715.00     0.859878
      5730.00     0.836955
      5745.00     0.826819
      5760.00     0.809945
      5775.00     0.794510
      5790.00     0.782081
      5805.00     0.767547
      5820.00     0.749612
      5835.00     0.728203
      5850.00     0.708620
      5865.00     0.688901
      5880.00     0.667075
      5895.00     0.641692
      5910.00     0.616376
      5925.00     0.593301
      5940.00     0.577188
      5955.00     0.558543
      5970.00     0.543829
      5985.00     0.537284
      6000.00     0.528787
      6015.00     0.505455
      6030.00     0.462632
      6045.00     0.401328
      6060.00     0.315076
      6075.00     0.225632
      6090.00     0.151148
      6105.00    0.0978214
      6120.00    0.0632908
      6135.00    0.0409328
      6150.00    0.0266125
      6165.00    0.0176738
      6180.00    0.0124117
      6195.00    0.0106548
      6210.00   0.00868491
      6225.00   0.00633733
      6240.00   0.00457337
      6255.00      0.00000
      6270.00      0.00000
