0.0
      6535.00      0.00000
      6560.00      0.00000
      6585.00   0.00297571
      6610.00   0.00358800
      6635.00   0.00440348
      6660.00   0.00521963
      6685.00   0.00603713
      6710.00   0.00685604
      6735.00   0.00767569
      6760.00   0.00849104
      6785.00   0.00930471
      6810.00    0.0132738
      6835.00    0.0267680
      6860.00    0.0509796
      6885.00    0.0941183
      6910.00     0.155685
      6935.00     0.235556
      6960.00     0.337003
      6985.00     0.442379
      7010.00     0.555229
      7035.00     0.651202
      7060.00     0.730000
      7085.00     0.798924
      7110.00     0.854200
      7135.00     0.891989
      7160.00     0.928890
      7185.00     0.946794
      7210.00     0.973955
      7235.00     0.987318
      7260.00     0.990424
      7285.00     0.986470
      7310.00     0.995829
      7335.00     0.995108
      7360.00     0.998356
      7385.00      1.00000
      7410.00     0.994997
      7435.00     0.979789
      7460.00     0.969197
      7485.00     0.967194
      7510.00     0.969468
      7535.00     0.979540
      7560.00     0.975410
      7585.00     0.967934
      7610.00     0.958393
      7635.00     0.955507
      7660.00     0.948237
      7685.00     0.935016
      7710.00     0.910660
      7735.00     0.889343
      7760.00     0.880573
      7785.00     0.883067
      7810.00     0.891516
      7835.00     0.894712
      7860.00     0.884003
      7885.00     0.868088
      7910.00     0.853315
      7935.00     0.841795
      7960.00     0.826326
      7985.00     0.812790
      8010.00     0.795791
      8035.00     0.784405
      8060.00     0.783854
      8085.00     0.786201
      8110.00     0.787704
      8135.00     0.783048
      8160.00     0.775403
      8185.00     0.770745
      8210.00     0.767006
      8235.00     0.752138
      8260.00     0.731997
      8285.00     0.713325
      8310.00     0.692869
      8335.00     0.678547
      8360.00     0.667467
      8385.00     0.661641
      8410.00     0.660236
      8435.00     0.644885
      8460.00     0.613863
      8485.00     0.576883
      8510.00     0.497497
      8535.00     0.337393
      8560.00     0.152916
      8585.00    0.0521217
      8610.00    0.0231434
      8635.00      0.00000
      8660.00      0.00000
