0.0
      3565.00      0.00000
      3575.00      0.00000
      3585.00   0.00356282
      3595.00   0.00571403
      3605.00    0.0101443
      3615.00    0.0155410
      3625.00    0.0213097
      3635.00    0.0297895
      3645.00    0.0435702
      3655.00    0.0589177
      3665.00    0.0694074
      3675.00    0.0790812
      3685.00    0.0954909
      3695.00     0.116867
      3705.00     0.135020
      3715.00     0.150145
      3725.00     0.166388
      3735.00     0.192285
      3745.00     0.224678
      3755.00     0.251637
      3765.00     0.271438
      3775.00     0.289622
      3785.00     0.311721
      3795.00     0.334162
      3805.00     0.346945
      3815.00     0.365829
      3825.00     0.390708
      3835.00     0.415239
      3845.00     0.441053
      3855.00     0.461765
      3865.00     0.480965
      3875.00     0.497958
      3885.00     0.513614
      3895.00     0.533859
      3905.00     0.555380
      3915.00     0.578279
      3925.00     0.606746
      3935.00     0.628849
      3945.00     0.647478
      3955.00     0.663824
      3965.00     0.675502
      3975.00     0.684900
      3985.00     0.694848
      3995.00     0.705317
      4005.00     0.711145
      4015.00     0.724599
      4025.00     0.738593
      4035.00     0.753128
      4045.00     0.763758
      4055.00     0.775234
      4065.00     0.790001
      4075.00     0.796810
      4085.00     0.793755
      4095.00     0.796509
      4105.00     0.799559
      4115.00     0.797376
      4125.00     0.802737
      4135.00     0.815821
      4145.00     0.827023
      4155.00     0.830429
      4165.00     0.833357
      4175.00     0.840380
      4185.00     0.847633
      4195.00     0.851648
      4205.00     0.858074
      4215.00     0.875060
      4225.00     0.885407
      4235.00     0.899461
      4245.00     0.905413
      4255.00     0.907051
      4265.00     0.906678
      4275.00     0.903522
      4285.00     0.906297
      4295.00     0.893597
      4305.00     0.878960
      4315.00     0.881847
      4325.00     0.898666
      4335.00     0.907750
      4345.00     0.907311
      4355.00     0.914719
      4365.00     0.930555
      4375.00     0.937293
      4385.00     0.938937
      4395.00     0.944324
      4405.00     0.957054
      4415.00     0.960305
      4425.00     0.947932
      4435.00     0.937630
      4445.00     0.931496
      4455.00     0.929554
      4465.00     0.933517
      4475.00     0.936670
      4485.00     0.942255
      4495.00     0.946818
      4505.00     0.941788
      4515.00     0.935911
      4525.00     0.933312
      4535.00     0.944537
      4545.00     0.974585
      4555.00     0.987035
      4565.00      1.00000
      4575.00     0.952097
      4585.00     0.949110
      4595.00     0.971283
      4605.00     0.954843
      4615.00     0.959973
      4625.00     0.958824
      4635.00     0.950834
      4645.00     0.949542
      4655.00     0.939236
      4665.00     0.930012
      4675.00     0.928535
      4685.00     0.923408
      4695.00     0.932737
      4705.00     0.911349
      4715.00     0.912319
      4725.00     0.916472
      4735.00     0.915918
      4745.00     0.924779
      4755.00     0.934999
      4765.00     0.917155
      4775.00     0.865634
      4785.00     0.731650
      4795.00     0.540120
      4805.00     0.358168
      4815.00     0.190257
      4825.00    0.0944655
      4835.00    0.0462469
      4845.00    0.0237773
      4855.00    0.0127539
      4865.00   0.00860032
      4875.00      0.00000
      4885.00      0.00000
