0.0
      7860.00      0.00000
      7890.00      0.00000
      7920.00   0.00230811
      7950.00   0.00339865
      7980.00   0.00584827
      8010.00    0.0115293
      8040.00    0.0205794
      8070.00    0.0336001
      8100.00    0.0558854
      8130.00    0.0872292
      8160.00     0.131316
      8190.00     0.188728
      8220.00     0.258802
      8250.00     0.335328
      8280.00     0.429509
      8310.00     0.521044
      8340.00     0.617041
      8370.00     0.701151
      8400.00     0.775548
      8430.00     0.831652
      8460.00     0.879558
      8490.00     0.925653
      8520.00     0.956823
      8550.00     0.976383
      8580.00     0.988794
      8610.00      1.00000
      8640.00     0.994112
      8670.00     0.992531
      8700.00     0.988164
      8730.00     0.976813
      8760.00     0.968504
      8790.00     0.954969
      8820.00     0.937403
      8850.00     0.922922
      8880.00     0.909265
      8910.00     0.891376
      8940.00     0.875546
      8970.00     0.857240
      9000.00     0.841887
      9030.00     0.821363
      9060.00     0.802613
      9090.00     0.784867
      9120.00     0.767654
      9150.00     0.747877
      9180.00     0.730505
      9210.00     0.710761
      9240.00     0.693554
      9270.00     0.676812
      9300.00     0.660583
      9330.00     0.641155
      9360.00     0.623543
      9390.00     0.603900
      9420.00     0.581326
      9450.00     0.558628
      9480.00     0.535849
      9510.00     0.510851
      9540.00     0.485525
      9570.00     0.467162
      9600.00     0.445881
      9630.00     0.424248
      9660.00     0.404055
      9690.00     0.382185
      9720.00     0.362078
      9750.00     0.342416
      9780.00     0.322213
      9810.00     0.305656
      9840.00     0.292061
      9870.00     0.278194
      9900.00     0.265275
      9930.00     0.251227
      9960.00     0.238195
      9990.00     0.224957
      10020.0     0.212669
      10050.0     0.202730
      10080.0     0.192070
      10110.0     0.181397
      10140.0     0.171232
      10170.0     0.159911
      10200.0     0.149414
      10230.0     0.141261
      10260.0     0.133289
      10290.0     0.125249
      10320.0     0.117260
      10350.0     0.109229
      10380.0     0.101165
      10410.0    0.0934967
      10440.0    0.0874376
      10470.0    0.0813789
      10500.0    0.0750597
      10530.0    0.0689734
      10560.0    0.0628183
      10590.0    0.0567141
      10620.0    0.0516994
      10650.0    0.0472465
      10680.0    0.0427805
      10710.0    0.0382784
      10740.0    0.0337665
      10770.0    0.0292875
      10800.0    0.0242002
      10830.0    0.0180443
      10860.0      0.00000
      10890.0      0.00000
