0.0
      4600.00      0.00000
      4615.00      0.00000
      4630.00    0.0149848
      4645.00    0.0274538
      4660.00    0.0827647
      4675.00     0.108591
      4690.00     0.205650
      4705.00     0.248331
      4720.00     0.291473
      4735.00     0.416795
      4750.00     0.380008
      4765.00     0.522079
      4780.00     0.565029
      4795.00     0.528357
      4810.00     0.676939
      4825.00     0.696280
      4840.00     0.743362
      4855.00     0.769916
      4870.00     0.776161
      4885.00     0.755554
      4900.00     0.683420
      4915.00     0.684458
      4930.00     0.740269
      4945.00     0.800640
      4960.00     0.773722
      4975.00     0.737886
      4990.00     0.797709
      5005.00     0.833441
      5020.00     0.815247
      5035.00     0.744196
      5050.00     0.700824
      5065.00     0.743697
      5080.00     0.802078
      5095.00     0.802337
      5110.00     0.775772
      5125.00     0.774649
      5140.00     0.805848
      5155.00     0.835777
      5170.00     0.817739
      5185.00     0.799628
      5200.00     0.853413
      5215.00     0.836112
      5230.00     0.772638
      5245.00     0.787284
      5260.00     0.799999
      5275.00     0.831728
      5290.00     0.856123
      5305.00     0.828982
      5320.00     0.797850
      5335.00     0.827108
      5350.00     0.867478
      5365.00     0.862769
      5380.00     0.856154
      5395.00     0.808910
      5410.00     0.781442
      5425.00     0.835948
      5440.00     0.883611
      5455.00     0.904149
      5470.00     0.905319
      5485.00     0.913575
      5500.00     0.894859
      5515.00     0.862227
      5530.00     0.881171
      5545.00     0.901205
      5560.00     0.890571
      5575.00     0.905209
      5590.00     0.898364
      5605.00     0.870375
      5620.00     0.857624
      5635.00     0.896688
      5650.00     0.909329
      5665.00     0.885811
      5680.00     0.880134
      5695.00     0.902104
      5710.00     0.914459
      5725.00     0.900575
      5740.00     0.905022
      5755.00     0.860816
      5770.00     0.855920
      5785.00     0.876241
      5800.00     0.914538
      5815.00     0.933972
      5830.00     0.917726
      5845.00     0.899663
      5860.00     0.914934
      5875.00     0.916525
      5890.00     0.908976
      5905.00     0.934336
      5920.00     0.943599
      5935.00     0.918739
      5950.00     0.876480
      5965.00     0.905216
      5980.00     0.905174
      5995.00     0.904261
      6010.00     0.912487
      6025.00     0.921178
      6040.00     0.931796
      6055.00     0.948383
      6070.00     0.931411
      6085.00     0.930621
      6100.00     0.953022
      6115.00     0.951686
      6130.00     0.961226
      6145.00     0.963940
      6160.00     0.938613
      6175.00     0.877828
      6190.00     0.837553
      6205.00     0.822110
      6220.00     0.843397
      6235.00     0.907042
      6250.00     0.948742
      6265.00     0.959117
      6280.00     0.968263
      6295.00     0.950976
      6310.00     0.938302
      6325.00     0.933158
      6340.00     0.941263
      6355.00     0.973244
      6370.00     0.947667
      6385.00     0.912021
      6400.00     0.882971
      6415.00     0.889138
      6430.00     0.902769
      6445.00     0.951554
      6460.00     0.991840
      6475.00     0.988021
      6490.00     0.967097
      6505.00     0.944501
      6520.00     0.911145
      6535.00     0.909071
      6550.00     0.911187
      6565.00     0.942275
      6580.00     0.940323
      6595.00     0.923476
      6610.00     0.892734
      6625.00     0.918300
      6640.00     0.932098
      6655.00     0.964815
      6670.00     0.995178
      6685.00      1.00000
      6700.00     0.970589
      6715.00     0.954947
      6730.00     0.930248
      6745.00     0.932796
      6760.00     0.915955
      6775.00     0.951757
      6790.00     0.942739
      6805.00     0.949815
      6820.00     0.917363
      6835.00     0.916652
      6850.00     0.914574
      6865.00     0.936333
      6880.00     0.940629
      6895.00     0.905082
      6910.00     0.851862
      6925.00     0.824006
      6940.00     0.832751
      6955.00     0.856735
      6970.00     0.916389
      6985.00     0.930260
      7000.00     0.930997
      7015.00     0.917249
      7030.00     0.893146
      7045.00     0.905326
      7060.00     0.920474
      7075.00     0.817345
      7090.00     0.476720
      7105.00     0.211217
      7120.00     0.107386
      7135.00    0.0676871
      7150.00    0.0518521
      7165.00      0.00000
      7180.00      0.00000
