0.0
      3825.00      0.00000
      3840.00      0.00000
      3855.00    0.0101162
      3870.00    0.0193001
      3885.00    0.0401227
      3900.00    0.0725827
      3915.00     0.111518
      3930.00     0.153174
      3945.00     0.196486
      3960.00     0.243032
      3975.00     0.293899
      3990.00     0.345980
      4005.00     0.392677
      4020.00     0.432850
      4035.00     0.476480
      4050.00     0.528548
      4065.00     0.582451
      4080.00     0.623206
      4095.00     0.647089
      4110.00     0.670506
      4125.00     0.699467
      4140.00     0.731596
      4155.00     0.751587
      4170.00     0.755963
      4185.00     0.758172
      4200.00     0.770035
      4215.00     0.791753
      4230.00     0.816451
      4245.00     0.842077
      4260.00     0.863274
      4275.00     0.877644
      4290.00     0.890446
      4305.00     0.900367
      4320.00     0.908534
      4335.00     0.913960
      4350.00     0.919228
      4365.00     0.927015
      4380.00     0.933004
      4395.00     0.933508
      4410.00     0.928119
      4425.00     0.926152
      4440.00     0.927672
      4455.00     0.934365
      4470.00     0.944109
      4485.00     0.953933
      4500.00     0.962123
      4515.00     0.965962
      4530.00     0.966579
      4545.00     0.963100
      4560.00     0.955258
      4575.00     0.947264
      4590.00     0.942677
      4605.00     0.945350
      4620.00     0.950856
      4635.00     0.963190
      4650.00     0.971719
      4665.00     0.980411
      4680.00     0.984702
      4695.00     0.979534
      4710.00     0.978172
      4725.00     0.977516
      4740.00     0.972994
      4755.00     0.975506
      4770.00     0.981277
      4785.00     0.988389
      4800.00     0.988435
      4815.00     0.988454
      4830.00     0.983318
      4845.00     0.979253
      4860.00     0.977000
      4875.00     0.972800
      4890.00     0.973540
      4905.00     0.980185
      4920.00     0.990653
      4935.00     0.991963
      4950.00     0.996535
      4965.00     0.998091
      4980.00     0.998133
      4995.00      1.00000
      5010.00     0.995333
      5025.00     0.990793
      5040.00     0.982946
      5055.00     0.974943
      5070.00     0.975630
      5085.00     0.978392
      5100.00     0.979358
      5115.00     0.986767
      5130.00     0.988209
      5145.00     0.988887
      5160.00     0.985538
      5175.00     0.978483
      5190.00     0.966893
      5205.00     0.959528
      5220.00     0.956160
      5235.00     0.953105
      5250.00     0.953612
      5265.00     0.953593
      5280.00     0.944894
      5295.00     0.935281
      5310.00     0.918339
      5325.00     0.893600
      5340.00     0.872990
      5355.00     0.861928
      5370.00     0.860023
      5385.00     0.878941
      5400.00     0.911910
      5415.00     0.932009
      5430.00     0.923140
      5445.00     0.878173
      5460.00     0.766976
      5475.00     0.576284
      5490.00     0.349797
      5505.00     0.172071
      5520.00    0.0764207
      5535.00    0.0338399
      5550.00    0.0161520
      5565.00   0.00851851
      5580.00   0.00611244
      5595.00   0.00531055
      5610.00      0.00000
      5625.00      0.00000
