0.0
      6770.00      0.00000
      6795.00      0.00000
      6820.00   0.00507247
      6845.00   0.00631593
      6870.00   0.00800784
      6895.00    0.0166302
      6920.00    0.0408313
      6945.00    0.0854723
      6970.00     0.153323
      6995.00     0.227673
      7020.00     0.319069
      7045.00     0.431887
      7070.00     0.539576
      7095.00     0.634656
      7120.00     0.708213
      7145.00     0.768866
      7170.00     0.813622
      7195.00     0.869501
      7220.00     0.908561
      7245.00     0.942768
      7270.00     0.968054
      7295.00     0.969719
      7320.00     0.973494
      7345.00     0.981697
      7370.00     0.979024
      7395.00     0.994000
      7420.00     0.987253
      7445.00      1.00000
      7470.00     0.987040
      7495.00     0.987611
      7520.00     0.969440
      7545.00     0.950638
      7570.00     0.937788
      7595.00     0.934311
      7620.00     0.933797
      7645.00     0.960031
      7670.00     0.966488
      7695.00     0.945751
      7720.00     0.927726
      7745.00     0.906057
      7770.00     0.890894
      7795.00     0.872908
      7820.00     0.876571
      7845.00     0.882098
      7870.00     0.889909
      7895.00     0.886459
      7920.00     0.882962
      7945.00     0.869958
      7970.00     0.852596
      7995.00     0.854761
      8020.00     0.837838
      8045.00     0.835099
      8070.00     0.825406
      8095.00     0.818491
      8120.00     0.824074
      8145.00     0.803018
      8170.00     0.795849
      8195.00     0.785213
      8220.00     0.778441
      8245.00     0.768647
      8270.00     0.763015
      8295.00     0.753223
      8320.00     0.738998
      8345.00     0.731409
      8370.00     0.723733
      8395.00     0.715734
      8420.00     0.708474
      8445.00     0.701605
      8470.00     0.687406
      8495.00     0.678456
      8520.00     0.673917
      8545.00     0.663894
      8570.00     0.665123
      8595.00     0.649924
      8620.00     0.638181
      8645.00     0.629707
      8670.00     0.618905
      8695.00     0.605487
      8720.00     0.594095
      8745.00     0.581912
      8770.00     0.572895
      8795.00     0.565810
      8820.00     0.560034
      8845.00     0.553037
      8870.00     0.541347
      8895.00     0.529142
      8920.00     0.512294
      8945.00     0.502118
      8970.00     0.484814
      8995.00     0.478532
      9020.00     0.474128
      9045.00     0.462481
      9070.00     0.452330
      9095.00     0.439466
      9120.00     0.432202
      9145.00     0.420304
      9170.00     0.413180
      9195.00     0.406196
      9220.00     0.400966
      9245.00     0.392254
      9270.00     0.387914
      9295.00     0.377380
      9320.00     0.368799
      9345.00     0.357961
      9370.00     0.347469
      9395.00     0.335667
      9420.00     0.317121
      9445.00     0.303506
      9470.00     0.286936
      9495.00     0.274664
      9520.00     0.269556
      9545.00     0.255068
      9570.00     0.190760
      9595.00    0.0927269
      9620.00    0.0397087
      9645.00      0.00000
      9670.00      0.00000
