-16.025
    1900.0  2.34886E-01
    1920.0  2.29698E-01
    1940.0  2.22373E-01
    1960.0  2.13856E-01
    1980.0  2.03186E-01
    2000.0  1.90964E-01
    2020.0  1.76379E-01
    2040.0  1.59662E-01
    2060.0  1.41215E-01
    2080.0  1.21323E-01
    2100.0  1.01419E-01
    2120.0  8.25690E-02
    2140.0  6.55402E-02
    2160.0  5.11752E-02
    2180.0  3.96098E-02
    2200.0  3.05062E-02
    2220.0  2.35474E-02
    2240.0  1.83163E-02
    2260.0  1.43503E-02
    2280.0  1.13692E-02
    2300.0  9.09298E-03
    2320.0  7.32806E-03
    2340.0  5.95443E-03
    2360.0  4.87612E-03
    2380.0  4.01716E-03
    2400.0  3.33096E-03
    2420.0  2.77608E-03
    2440.0  2.32340E-03
    2460.0  1.95826E-03
    2480.0  1.66337E-03
    2500.0  1.42343E-03
    2520.0  1.22601E-03
    2540.0  1.06310E-03
    2560.0  9.30412E-04
    2580.0  8.19306E-04
    2600.0  7.27764E-04
    2620.0  6.50524E-04
    2640.0  5.84652E-04
    2660.0  5.29232E-04
    2680.0  4.81482E-04
    2700.0  4.40942E-04
    2720.0  4.06112E-04
    2740.0  3.75912E-04
    2760.0  3.49246E-04
    2780.0  3.25468E-04
    2800.0  3.04884E-04
    2820.0  2.86874E-04
    2840.0  2.70412E-04
    2860.0  2.55984E-04
    2880.0  2.42584E-04
    2900.0  2.30534E-04
    2920.0  2.20320E-04
    2940.0  2.10812E-04
    2960.0  2.01680E-04
    2980.0  1.93924E-04
    3000.0  1.86128E-04
    3020.0  1.79058E-04
    3040.0  1.72454E-04
    3060.0  1.66246E-04
    3080.0  1.60498E-04
    3100.0  1.54806E-04
    3120.0  1.49214E-04
    3140.0  1.44246E-04
    3160.0  1.39170E-04
    3180.0  1.33150E-04
    3200.0  1.28566E-04
    3220.0  1.23570E-04
    3240.0  1.19100E-04
    3260.0  1.14492E-04
    3280.0  1.09984E-04
    3300.0  1.05414E-04
    3320.0  1.01178E-04
    3340.0  9.67560E-05
    3360.0  9.24560E-05
    3380.0  8.86980E-05
    3400.0  8.48920E-05
    3420.0  8.09000E-05
    3440.0  7.73660E-05
    3460.0  7.39880E-05
    3480.0  7.08180E-05
    3500.0  6.74500E-05
    3520.0  6.46080E-05
    3540.0  6.17740E-05
    3560.0  5.91020E-05
    3580.0  5.66560E-05
    3600.0  5.41540E-05
    3620.0  5.17620E-05
    3640.0  4.97200E-05
    3660.0  4.78000E-05
    3680.0  4.58120E-05
    3700.0  4.40500E-05
    3720.0  4.24540E-05
    3740.0  4.06980E-05
    3760.0  3.93700E-05
    3780.0  3.76700E-05
    3800.0  3.62460E-05
    3820.0  3.49540E-05
    3840.0  3.37360E-05
    3860.0  3.24000E-05
    3880.0  3.12920E-05
    3900.0  3.01520E-05
    3920.0  2.90060E-05
    3940.0  2.82540E-05
    3960.0  2.74000E-05
    3980.0  2.63220E-05
    4000.0  2.54780E-05
    4020.0  2.47020E-05
    4040.0  2.39400E-05
    4060.0  2.33780E-05
    4080.0  2.24260E-05
    4100.0  2.17560E-05
    4120.0  2.11860E-05
    4140.0  2.05820E-05
    4160.0  1.99740E-05
    4180.0  1.93580E-05
    4200.0  1.87620E-05
    4220.0  1.83660E-05
    4240.0  1.78060E-05
    4260.0  1.73500E-05
    4280.0  1.68260E-05
    4300.0  1.63440E-05
    4320.0  1.57800E-05
    4340.0  1.54260E-05
    4360.0  1.51340E-05
    4380.0  1.47500E-05
    4400.0  1.43920E-05
    4420.0  1.40420E-05
    4440.0  1.36100E-05
    4460.0  1.36760E-05
    4480.0  1.29280E-05
    4500.0  1.27340E-05
    4520.0  1.23880E-05
    4540.0  1.20520E-05
    4560.0  1.17580E-05
    4580.0  1.17020E-05
    4600.0  1.12000E-05
    4620.0  1.09160E-05
    4640.0  1.07980E-05
    4660.0  1.05560E-05
    4680.0  1.02840E-05
    4700.0  1.01660E-05
    4720.0  9.96600E-06
    4740.0  9.61800E-06
    4760.0  9.48400E-06
    4780.0  9.24600E-06
    4800.0  9.07400E-06
    4820.0  8.91800E-06
    4840.0  8.72000E-06
    4860.0  8.58600E-06
    4880.0  8.48400E-06
    4900.0  8.28200E-06
    4920.0  7.92000E-06
    4940.0  7.85600E-06
    4960.0  7.70000E-06
    4980.0  7.74400E-06
    5000.0  7.60600E-06
    5020.0  7.35200E-06
    5040.0  7.27400E-06
    5060.0  7.16200E-06
    5080.0  7.07600E-06
    5100.0  7.02600E-06
    5120.0  6.88800E-06
    5140.0  6.72400E-06
    5160.0  6.67400E-06
    5180.0  6.56600E-06
    5200.0  6.49200E-06
    5220.0  6.36000E-06
    5240.0  6.28200E-06
    5260.0  6.18200E-06
    5280.0  6.08400E-06
    5300.0  6.02400E-06
    5320.0  5.88200E-06
    5340.0  5.79800E-06
    5360.0  5.73000E-06
    5380.0  5.70800E-06
    5400.0  5.59800E-06
    5420.0  5.55400E-06
    5440.0  5.52800E-06
    5460.0  5.46600E-06
    5480.0  5.37600E-06
    5500.0  5.31600E-06
    5520.0  5.18000E-06
    5540.0  5.15000E-06
    5560.0  5.02400E-06
    5580.0  4.97000E-06
    5600.0  4.98800E-06
    5620.0  4.93600E-06
    5640.0  4.82800E-06
    5660.0  4.80200E-06
    5680.0  4.69800E-06
    5700.0  4.59600E-06
    5720.0  4.73200E-06
    5740.0  4.67800E-06
    5760.0  4.57800E-06
    5780.0  4.58600E-06
    5800.0  4.51800E-06
    5820.0  4.46800E-06
    5840.0  4.34800E-06
    5860.0  4.39000E-06
    5880.0  4.40000E-06
    5900.0  4.32400E-06
    5920.0  4.25600E-06
    5940.0  4.26200E-06
    5960.0  4.24200E-06
    5980.0  4.22200E-06
    6000.0  4.09200E-06
    6020.0  4.10800E-06
    6040.0  4.06800E-06
    6060.0  3.96800E-06
    6080.0  3.99400E-06
    6100.0  3.95800E-06
    6120.0  3.93600E-06
    6140.0  3.95000E-06
    6160.0  3.90000E-06
    6180.0  3.87200E-06
    6200.0  3.84400E-06
    6220.0  3.83800E-06
    6240.0  3.85400E-06
    6260.0  3.84800E-06
    6280.0  3.82600E-06
    6300.0  3.79000E-06
    6320.0  3.65800E-06
    6340.0  3.66000E-06
    6360.0  3.68600E-06
    6380.0  3.67600E-06
    6400.0  3.70800E-06
    6420.0  3.73000E-06
    6440.0  3.66200E-06
    6460.0  3.61800E-06
    6480.0  3.65200E-06
    6500.0  3.59400E-06
    6520.0  3.56200E-06
    6540.0  3.54600E-06
    6560.0  3.56400E-06
    6580.0  3.60600E-06
    6600.0  3.62600E-06
    6620.0  3.78800E-06
    6640.0  3.74000E-06
    6660.0  3.53600E-06
    6680.0  3.60400E-06
    6700.0  3.58200E-06
    6720.0  3.49600E-06
    6740.0  3.48000E-06
    6760.0  3.46600E-06
    6780.0  3.52800E-06
    6800.0  3.48200E-06
    6820.0  3.47000E-06
    6840.0  3.63800E-06
    6860.0  3.55800E-06
    6880.0  3.49800E-06
    6900.0  3.56800E-06
    6920.0  3.50600E-06
    6940.0  3.50400E-06
    6960.0  3.59200E-06
    6980.0  3.60200E-06
    7000.0  3.61600E-06
    7020.0  3.60800E-06
    7040.0  3.67200E-06
    7060.0  3.72800E-06
    7080.0  3.58400E-06
    7100.0  3.70200E-06
    7120.0  3.65400E-06
    7140.0  3.62800E-06
    7160.0  3.70600E-06
    7180.0  3.69200E-06
    7200.0  3.81000E-06
    7220.0  4.23800E-06
    7240.0  3.95200E-06
    7260.0  3.95000E-06
    7280.0  3.85800E-06
    7300.0  3.87000E-06
    7320.0  3.91000E-06
    7340.0  4.02400E-06
    7360.0  4.04800E-06
    7380.0  4.14200E-06
    7400.0  4.11200E-06
    7420.0  4.27400E-06
    7440.0  4.34800E-06
    7460.0  4.26600E-06
    7480.0  4.38400E-06
    7500.0  4.43600E-06
    7520.0  4.48200E-06
    7540.0  4.64600E-06
    7560.0  4.72000E-06
    7580.0  4.82600E-06
    7600.0  4.89200E-06
    7620.0  4.67800E-06
    7640.0  4.97600E-06
    7660.0  5.22600E-06
    7680.0  5.25600E-06
    7700.0  5.27400E-06
    7720.0  5.36800E-06
    7740.0  5.75600E-06
    7760.0  5.75400E-06
    7780.0  5.95400E-06
    7800.0  5.95200E-06
    7820.0  6.17200E-06
    7840.0  6.28200E-06
    7860.0  6.29000E-06
    7880.0  6.58800E-06
    7900.0  6.92800E-06
    7920.0  7.06600E-06
    7940.0  7.24600E-06
    7960.0  7.48000E-06
    7980.0  7.75600E-06
    8000.0  7.96200E-06
    8020.0  8.37800E-06
    8040.0  8.56800E-06
    8060.0  8.87600E-06
    8080.0  9.06400E-06
    8100.0  9.28400E-06
    8120.0  9.70200E-06
    8140.0  9.94000E-06
    8160.0  1.01280E-05
    8180.0  1.05080E-05
    8200.0  1.09440E-05
    8220.0  1.10320E-05
    8240.0  1.15440E-05
    8260.0  1.17920E-05
    8280.0  1.21360E-05
    8300.0  1.23700E-05
    8320.0  1.25640E-05
    8340.0  1.28740E-05
    8360.0  1.32060E-05
    8380.0  1.37280E-05
    8400.0  1.39320E-05
    8420.0  1.41200E-05
    8440.0  1.45220E-05
    8460.0  1.46360E-05
    8480.0  1.47820E-05
    8500.0  1.55220E-05
    8520.0  1.54400E-05
    8540.0  1.60400E-05
    8560.0  1.56420E-05
    8580.0  1.71580E-05
    8600.0  2.43460E-05
    8620.0  1.93480E-05
    8640.0  1.47540E-05
    8660.0  1.98920E-05
    8680.0  1.96460E-05
    8700.0  1.81100E-05
    8720.0  1.88040E-05
    8740.0  1.96220E-05
    8760.0  1.84280E-05
    8780.0  1.97300E-05
    8800.0  1.66860E-05
    8820.0  2.02100E-05
    8840.0  2.00700E-05
    8860.0  2.24660E-05
    8880.0  1.90380E-05
    8900.0  1.91840E-05
    8920.0  1.72180E-05
    8940.0  2.19300E-05
    8960.0  2.04160E-05
    8980.0  1.91960E-05
    9000.0  1.61960E-05
    9020.0  1.89080E-05
    9040.0  2.41700E-05
    9060.0  1.81280E-05
    9080.0  1.65720E-05
    9100.0  1.62640E-05
    9120.0  1.70080E-05
    9140.0  1.85720E-05
    9160.0  1.88920E-05
    9180.0  1.69500E-05
    9200.0  1.58880E-05
    9220.0  1.57420E-05
    9240.0  1.56600E-05
    9260.0  1.56860E-05
    9280.0  1.57280E-05
    9300.0  1.50880E-05
    9320.0  1.55460E-05
    9340.0  1.56940E-05
    9360.0  1.54300E-05
    9380.0  1.48020E-05
    9400.0  1.59140E-05
    9420.0  1.53240E-05
    9440.0  1.36900E-05
    9460.0  1.42480E-05
    9480.0  1.40120E-05
    9500.0  1.36600E-05
    9520.0  1.54140E-05
    9540.0  1.54200E-05
    9560.0  1.32300E-05
    9580.0  1.29420E-05
    9600.0  1.39080E-05
    9620.0  1.30800E-05
    9640.0  1.23960E-05
    9660.0  1.25900E-05
    9680.0  1.31140E-05
    9700.0  1.30220E-05
    9720.0  1.25060E-05
    9740.0  1.15160E-05
    9760.0  1.20900E-05
    9780.0  1.21840E-05
    9800.0  1.26400E-05
    9820.0  1.27840E-05
    9840.0  1.16240E-05
    9860.0  1.13500E-05
    9880.0  1.09920E-05
    9900.0  1.16560E-05
    9920.0  1.14460E-05
    9940.0  1.10560E-05
    9960.0  1.17120E-05
    9980.0  1.11880E-05
   10000.0  1.04840E-05
   10020.0  1.01280E-05
   10040.0  1.04840E-05
   10060.0  1.12980E-05
   10080.0  1.12680E-05
   10100.0  1.01580E-05
   10120.0  9.61600E-06
   10140.0  9.91600E-06
   10160.0  1.01780E-05
   10180.0  1.00620E-05
   10200.0  9.73000E-06
   10220.0  1.01820E-05
   10240.0  1.02360E-05
   10260.0  9.50400E-06
   10280.0  9.44000E-06
   10300.0  1.02560E-05
   10320.0  9.94600E-06
   10340.0  9.02400E-06
   10360.0  8.94000E-06
   10380.0  9.05000E-06
   10400.0  9.29000E-06
   10420.0  9.21200E-06
   10440.0  8.91800E-06
   10460.0  8.51600E-06
   10480.0  8.31200E-06
   10500.0  8.54800E-06
   10520.0  8.66400E-06
   10540.0  8.62200E-06
   10560.0  8.80600E-06
   10580.0  8.26000E-06
   10600.0  8.09800E-06
   10620.0  8.42400E-06
   10640.0  8.54400E-06
   10660.0  8.25600E-06
   10680.0  7.88200E-06
   10700.0  8.11400E-06
   10720.0  7.81400E-06
   10740.0  7.68600E-06
   10760.0  7.48000E-06
   10780.0  7.77800E-06
   10800.0  7.97400E-06
   10820.0  7.93600E-06
   10840.0  6.99800E-06
   10860.0  6.94000E-06
   10880.0  7.67000E-06
   10900.0  7.79000E-06
   10920.0  7.44400E-06
   10940.0  6.91600E-06
   10960.0  6.82000E-06
   10980.0  7.08600E-06
   11000.0  7.36400E-06
   11020.0  7.70400E-06
   11040.0  7.43400E-06
   11060.0  7.13000E-06
   11080.0  6.86000E-06
   11100.0  7.04400E-06
   11120.0  6.60000E-06
   11140.0  6.34600E-06
   11160.0  6.79800E-06
   11180.0  6.37000E-06
   11200.0  6.76800E-06
   11220.0  6.50600E-06
   11240.0  6.46400E-06
   11260.0  6.48600E-06
   11280.0  6.54600E-06
   11300.0  5.93200E-06
   11320.0  6.12000E-06
   11340.0  6.62600E-06
   11360.0  6.28800E-06
   11380.0  6.20400E-06
   11400.0  6.99000E-06
   11420.0  5.96800E-06
   11440.0  5.94600E-06
   11460.0  5.81800E-06
   11480.0  5.97200E-06
   11500.0  5.62800E-06
   11520.0  6.07400E-06
   11540.0  6.79400E-06
   11560.0  6.20400E-06
   11580.0  5.89400E-06
   11600.0  6.08400E-06
   11620.0  5.65600E-06
   11640.0  5.70200E-06
   11660.0  5.65600E-06
   11680.0  6.02200E-06
   11700.0  5.87000E-06
   11720.0  6.52400E-06
   11740.0  5.08400E-06
   11760.0  5.90800E-06
   11780.0  5.63400E-06
   11800.0  6.13600E-06
   11820.0  5.54200E-06
   11840.0  5.66200E-06
   11860.0  5.93200E-06
   11880.0  5.80400E-06
   11900.0  4.86600E-06
   11920.0  5.51600E-06
   11940.0  5.80800E-06
   11960.0  5.12600E-06
   11980.0  5.31400E-06
   12000.0  5.00200E-06
   12020.0  4.77800E-06
   12040.0  5.25200E-06
   12060.0  5.47600E-06
   12080.0  5.40400E-06
   12100.0  4.94000E-06
   12120.0  5.44800E-06
   12140.0  5.10400E-06
   12160.0  4.86400E-06
   12180.0  4.64800E-06
   12200.0  5.34400E-06
   12220.0  4.74400E-06
   12240.0  5.14800E-06
   12260.0  4.72400E-06
   12280.0  4.94800E-06
   12300.0  5.17400E-06
   12320.0  5.12400E-06
   12340.0  4.94600E-06
   12360.0  4.48600E-06
   12380.0  4.37000E-06
   12400.0  4.94600E-06
   12420.0  4.60200E-06
   12440.0  5.15800E-06
   12460.0  4.68200E-06
   12480.0  4.72200E-06
   12500.0  4.74000E-06
   12520.0  5.14800E-06
   12540.0  4.38600E-06
   12560.0  4.89000E-06
   12580.0  4.43800E-06
   12600.0  5.40200E-06
   12620.0  4.77600E-06
   12640.0  4.44000E-06
   12660.0  4.27800E-06
   12680.0  4.97600E-06
   12700.0  4.28400E-06
   12720.0  4.34400E-06
   12740.0  4.78800E-06
   12760.0  4.85600E-06
   12780.0  4.51600E-06
   12800.0  4.45800E-06
   12820.0  4.68200E-06
   12840.0  4.70600E-06
   12860.0  3.68200E-06
   12880.0  4.61400E-06
   12900.0  4.48000E-06
   12920.0  4.64000E-06
   12940.0  4.20600E-06
   12960.0  4.50200E-06
   12980.0  4.68000E-06
   13000.0  4.63800E-06
   13020.0  4.20800E-06
   13040.0  3.80000E-06
   13060.0  3.89200E-06
   13080.0  4.53800E-06
   13100.0  4.29200E-06
   13120.0  4.20000E-06
   13140.0  4.32200E-06
   13160.0  4.27600E-06
   13180.0  3.77200E-06
   13200.0  4.17400E-06
   13220.0  4.25600E-06
   13240.0  4.36200E-06
   13260.0  4.10800E-06
   13280.0  4.06400E-06
   13300.0  4.08000E-06
   13320.0  4.15400E-06
   13340.0  3.80800E-06
   13360.0  3.85000E-06
   13380.0  3.52400E-06
   13400.0  4.05400E-06
   13420.0  4.00600E-06
   13440.0  3.43800E-06
   13460.0  3.79200E-06
   13480.0  4.08600E-06
   13500.0  3.87800E-06
   13520.0  3.78800E-06
   13540.0  4.14600E-06
   13560.0  3.84600E-06
   13580.0  3.43000E-06
   13600.0  3.15600E-06
   13620.0  4.09200E-06
   13640.0  3.35400E-06
   13660.0  2.82200E-06
   13680.0  3.47000E-06
   13700.0  4.49400E-06
   13720.0  4.76400E-06
   13740.0  3.60800E-06
   13760.0  2.79400E-06
   13780.0  2.57800E-06
   13800.0  2.84200E-06
   13820.0  4.30800E-06
   13840.0  3.90400E-06
   13860.0  3.18000E-06
   13880.0  3.82800E-06
   13900.0  3.67000E-06
   13920.0  3.39200E-06
   13940.0  3.53600E-06
   13960.0  3.14600E-06
   13980.0  3.13600E-06
   14000.0  3.76200E-06
   14020.0  3.63000E-06
   14040.0  3.68000E-06
   14060.0  3.85800E-06
   14080.0  3.92200E-06
   14100.0  3.10200E-06
   14120.0  3.04400E-06
   14140.0  4.00600E-06
   14160.0  3.68800E-06
   14180.0  3.25400E-06
   14200.0  3.63200E-06
   14220.0  4.07200E-06
   14240.0  3.41600E-06
   14260.0  3.10600E-06
   14280.0  3.31600E-06
   14300.0  3.51200E-06
   14320.0  3.47000E-06
   14340.0  2.97600E-06
   14360.0  3.43400E-06
   14380.0  3.82400E-06
   14400.0  3.35000E-06
   14420.0  3.33400E-06
   14440.0  3.35800E-06
   14460.0  3.05400E-06
   14480.0  3.43600E-06
   14500.0  3.29200E-06
   14520.0  3.57600E-06
   14540.0  3.73600E-06
   14560.0  3.62600E-06
   14580.0  3.01200E-06
   14600.0  3.08200E-06
   14620.0  2.93600E-06
   14640.0  3.23000E-06
   14660.0  3.37600E-06
   14680.0  3.47800E-06
   14700.0  3.27400E-06
   14720.0  3.24600E-06
   14740.0  3.31000E-06
   14760.0  2.92400E-06
   14780.0  3.47600E-06
   14800.0  3.25400E-06
   14820.0  3.45200E-06
   14840.0  3.31400E-06
   14860.0  3.54800E-06
   14880.0  2.92800E-06
   14900.0  3.14600E-06
   14920.0  3.43800E-06
   14940.0  3.59400E-06
   14960.0  3.36400E-06
   14980.0  3.16400E-06
   15000.0  3.03200E-06
   15020.0  2.73600E-06
   15040.0  3.49600E-06
   15060.0  3.25200E-06
   15080.0  2.81600E-06
   15100.0  2.82200E-06
   15120.0  3.23800E-06
   15140.0  3.64000E-06
   15160.0  3.48200E-06
   15180.0  3.40000E-06
   15200.0  2.79800E-06
   15220.0  3.56400E-06
   15240.0  2.73800E-06
   15260.0  2.42400E-06
   15280.0  3.39000E-06
   15300.0  2.83400E-06
   15320.0  3.18600E-06
   15340.0  3.27600E-06
   15360.0  3.05000E-06
   15380.0  3.06800E-06
   15400.0  3.12600E-06
   15420.0  3.28400E-06
   15440.0  2.95400E-06
   15460.0  2.56200E-06
   15480.0  2.53800E-06
   15500.0  2.72600E-06
   15520.0  4.07000E-06
   15540.0  2.90600E-06
   15560.0  2.52800E-06
   15580.0  2.81800E-06
   15600.0  2.86600E-06
   15620.0  2.91800E-06
   15640.0  3.11000E-06
   15660.0  3.06800E-06
   15680.0  2.83600E-06
   15700.0  3.29000E-06
   15720.0  2.71400E-06
   15740.0  3.21000E-06
   15760.0  3.08200E-06
   15780.0  2.64600E-06
   15800.0  3.41600E-06
   15820.0  4.00600E-06
   15840.0  2.54800E-06
   15860.0  2.33800E-06
   15880.0  2.61200E-06
   15900.0  3.87000E-06
   15920.0  2.82800E-06
   15940.0  3.39200E-06
   15960.0  3.15400E-06
   15980.0  2.27800E-06
   16000.0  2.72400E-06
   16020.0  2.93000E-06
   16040.0  3.11400E-06
   16060.0  2.81000E-06
   16080.0  2.48000E-06
   16100.0  2.39400E-06
   16120.0  2.97800E-06
   16140.0  2.77400E-06
   16160.0  3.52800E-06
   16180.0  3.31400E-06
   16200.0  2.98600E-06
   16220.0  2.62400E-06
   16240.0  3.38600E-06
   16260.0  3.55600E-06
   16280.0  3.05600E-06
   16300.0  3.60200E-06
   16320.0  2.04000E-06
   16340.0  3.17400E-06
   16360.0  3.00000E-06
   16380.0  4.16800E-06
   16400.0  2.23800E-06
   16420.0  3.25200E-06
   16440.0  3.35800E-06
   16460.0  2.82200E-06
   16480.0  3.15800E-06
   16500.0  3.29400E-06
   16520.0  3.31800E-06
   16540.0  2.26400E-06
   16560.0  2.73600E-06
   16580.0  2.58800E-06
   16600.0  2.98400E-06
   16620.0  3.62600E-06
   16640.0  3.20200E-06
   16660.0  2.57200E-06
   16680.0  4.51800E-06
   16700.0  3.50000E-06
   16720.0  3.11800E-06
   16740.0  3.14000E-06
   16760.0  2.78000E-06
   16780.0  3.26200E-06
   16800.0  3.48600E-06
   16820.0  2.52200E-06
   16840.0  2.67400E-06
   16860.0  2.74000E-06
   16880.0  2.49400E-06
   16900.0  2.35800E-06
   16920.0  3.07000E-06
   16940.0  2.94600E-06
   16960.0  2.61400E-06
   16980.0  2.83800E-06
   17000.0  3.92400E-06
   17020.0  2.74800E-06
   17040.0  2.38600E-06
   17060.0  3.37400E-06
   17080.0  2.88600E-06
   17100.0  2.12200E-06
   17120.0  2.11400E-06
   17140.0  3.04800E-06
   17160.0  2.75000E-06
   17180.0  3.06800E-06
   17200.0  3.10600E-06
   17220.0  2.68200E-06
   17240.0  3.50000E-06
   17260.0  2.85400E-06
   17280.0  2.67200E-06
   17300.0  2.50600E-06
   17320.0  2.38200E-06
   17340.0  2.63400E-06
   17360.0  2.99400E-06
   17380.0  3.73400E-06
   17400.0  2.81400E-06
   17420.0  2.94000E-06
   17440.0  2.86400E-06
   17460.0  2.40800E-06
   17480.0  2.19600E-06
   17500.0  3.25600E-06
   17520.0  3.01000E-06
   17540.0  2.80600E-06
   17560.0  2.75400E-06
   17580.0  2.73800E-06
   17600.0  3.02800E-06
   17620.0  2.92600E-06
   17640.0  2.77800E-06
   17660.0  3.00400E-06
   17680.0  3.25400E-06
   17700.0  3.65800E-06
   17720.0  3.92400E-06
   17740.0  2.58600E-06
   17760.0  2.55600E-06
   17780.0  2.58600E-06
   17800.0  3.40400E-06
   17820.0  3.41800E-06
   17840.0  2.40400E-06
   17860.0  1.89800E-06
   17880.0  2.45800E-06
   17900.0  3.62400E-06
   17920.0  2.81000E-06
   17940.0  2.11400E-06
   17960.0  2.25600E-06
   17980.0  2.50400E-06
   18000.0  3.40200E-06
   18020.0  2.95800E-06
   18040.0  3.11000E-06
   18060.0  3.79400E-06
   18080.0  3.26000E-06
   18100.0  2.51400E-06
   18120.0  1.20000E-06
   18140.0  2.49200E-06
   18160.0  3.23400E-06
   18180.0  2.35400E-06
   18200.0  2.89400E-06
   18220.0  2.64800E-06
   18240.0  1.98800E-06
   18260.0  3.33000E-06
   18280.0  3.27000E-06
   18300.0  3.27600E-06
   18320.0  3.70400E-06
   18340.0  3.20200E-06
   18360.0  2.19400E-06
   18380.0  2.97400E-06
   18400.0  4.39600E-06
   18420.0  3.49600E-06
   18440.0  2.43000E-06
   18460.0  3.37200E-06
   18480.0  5.22600E-06
   18500.0  4.04800E-06
   18520.0  3.33400E-06
   18540.0  3.85600E-06
   18560.0  2.83600E-06
   18580.0  3.79800E-06
   18600.0  4.52400E-06
   18620.0  6.31400E-06
   18640.0  2.83200E-06
   18660.0  2.33600E-06
   18680.0  2.68000E-06
   18700.0  1.48800E-06
   18720.0  2.09000E-06
   18740.0  3.42400E-06
   18760.0  4.55600E-06
   18780.0  2.86400E-06
   18800.0  3.69000E-06
   18820.0  4.07200E-06
   18840.0  3.18400E-06
   18860.0  2.66000E-06
   18880.0  1.57200E-06
   18900.0  2.84200E-06
   18920.0  4.58400E-06
   18940.0  3.70800E-06
   18960.0  2.91400E-06
   18980.0  2.84000E-06
   19000.0  2.05000E-06
   19020.0  3.62600E-06
   19040.0  2.14200E-06
   19060.0  5.05000E-06
   19080.0  2.92000E-06
   19100.0  1.31800E-06
   19120.0  4.27200E-06
   19140.0  3.70200E-06
   19160.0  2.82200E-06
   19180.0  2.02400E-06
   19200.0  2.91000E-06
   19220.0  2.28400E-06
   19240.0  4.07800E-06
   19260.0  2.35800E-06
   19280.0  2.71200E-06
   19300.0  4.99000E-06
   19320.0  5.06000E-06
   19340.0  2.11600E-06
   19360.0  2.22400E-06
   19380.0  2.80400E-06
   19400.0  3.50600E-06
   19420.0  3.08800E-06
   19440.0  2.93200E-06
   19460.0  4.44800E-06
   19480.0  1.29800E-06
   19500.0  2.15200E-06
   19520.0  3.14000E-06
   19540.0  2.44400E-06
   19560.0  4.03800E-06
   19580.0  4.78600E-06
   19600.0  4.17800E-06
   19620.0  2.97000E-06
   19640.0  1.57400E-06
   19660.0  3.03800E-06
   19680.0  5.13400E-06
   19700.0  2.10400E-06
   19720.0  4.59400E-06
   19740.0  2.57800E-06
   19760.0  2.33800E-06
   19780.0  3.09400E-06
   19800.0  3.87800E-06
   19820.0  6.60000E-06
   19840.0  2.48600E-06
   19860.0  1.36600E-06
   19880.0  8.00000E-07
   19900.0  3.25800E-06
   19920.0  4.44200E-06
   19940.0  4.82000E-07
   19960.0 -4.38000E-07
   19980.0  3.09000E-06
   20000.0  5.89800E-06
