-20.939
    1900.0 -1.19960E-05
    1920.0 -2.38400E-06
    1940.0  7.72000E-07
    1960.0  6.52000E-07
    1980.0  1.75600E-06
    2000.0  1.37800E-06
    2020.0  1.98800E-06
    2040.0  1.40600E-06
    2060.0  1.36800E-06
    2080.0  1.68800E-06
    2100.0  1.32600E-06
    2120.0  1.40800E-06
    2140.0  1.23600E-06
    2160.0  1.34200E-06
    2180.0  9.08000E-07
    2200.0  8.32000E-07
    2220.0  6.26000E-07
    2240.0  4.00000E-07
    2260.0  5.86000E-07
    2280.0  6.42000E-07
    2300.0  6.20000E-07
    2320.0  6.36000E-07
    2340.0  5.06000E-07
    2360.0  4.68000E-07
    2380.0  5.70000E-07
    2400.0  6.12000E-07
    2420.0  9.86000E-07
    2440.0  8.44000E-07
    2460.0  6.82000E-07
    2480.0  5.90000E-07
    2500.0  3.32000E-07
    2520.0  2.76000E-07
    2540.0  3.86000E-07
    2560.0  2.90000E-07
    2580.0  2.08000E-07
    2600.0  2.46000E-07
    2620.0  2.78000E-07
    2640.0  2.14000E-07
    2660.0  2.72000E-07
    2680.0  3.06000E-07
    2700.0  2.68000E-07
    2720.0  2.40000E-07
    2740.0  2.54000E-07
    2760.0  2.84000E-07
    2780.0  1.50000E-07
    2800.0  1.10000E-07
    2820.0  2.50000E-07
    2840.0  7.60000E-08
    2860.0  1.26000E-07
    2880.0  4.00000E-09
    2900.0  2.20000E-07
    2920.0  3.02000E-07
    2940.0  2.10000E-07
    2960.0  1.98000E-07
    2980.0  2.42000E-07
    3000.0 -1.46580E-05
    3010.0  9.62200E-06
    3020.0 -4.59000E-06
    3030.0  6.77200E-06
    3040.0 -1.96400E-06
    3050.0  7.20600E-06
    3060.0 -7.42000E-06
    3070.0 -3.27400E-06
    3080.0  6.10800E-06
    3090.0 -6.75800E-06
    3100.0  2.40000E-06
    3110.0  5.88380E-05
    3120.0  1.08800E-06
    3130.0  4.57200E-06
    3140.0 -1.72020E-05
    3150.0  2.11160E-05
    3160.0  4.26520E-05
    3170.0  1.04190E-04
    3180.0  2.21012E-04
    3190.0  4.73696E-04
    3200.0  9.06930E-04
    3210.0  1.65327E-03
    3220.0  2.81906E-03
    3230.0  4.57073E-03
    3240.0  7.04826E-03
    3250.0  1.03817E-02
    3260.0  1.46352E-02
    3270.0  1.98377E-02
    3280.0  2.59415E-02
    3290.0  3.28628E-02
    3300.0  4.05586E-02
    3310.0  4.89735E-02
    3320.0  5.81312E-02
    3330.0  6.80662E-02
    3340.0  7.87892E-02
    3350.0  9.04051E-02
    3360.0  1.03032E-01
    3370.0  1.16750E-01
    3380.0  1.31576E-01
    3390.0  1.47512E-01
    3400.0  1.64420E-01
    3410.0  1.82191E-01
    3420.0  2.00440E-01
    3430.0  2.18905E-01
    3440.0  2.37097E-01
    3450.0  2.54467E-01
    3460.0  2.70894E-01
    3470.0  2.86150E-01
    3480.0  3.00093E-01
    3490.0  3.12885E-01
    3500.0  3.24827E-01
    3510.0  3.36092E-01
    3520.0  3.47026E-01
    3530.0  3.57818E-01
    3540.0  3.68856E-01
    3550.0  3.80212E-01
    3560.0  3.91854E-01
    3570.0  4.03958E-01
    3580.0  4.16406E-01
    3590.0  4.28982E-01
    3600.0  4.41657E-01
    3610.0  4.54045E-01
    3620.0  4.65970E-01
    3630.0  4.77236E-01
    3640.0  4.87563E-01
    3650.0  4.96827E-01
    3660.0  5.05042E-01
    3670.0  5.12162E-01
    3680.0  5.18403E-01
    3690.0  5.23768E-01
    3700.0  5.28579E-01
    3710.0  5.33045E-01
    3720.0  5.37376E-01
    3730.0  5.41733E-01
    3740.0  5.46365E-01
    3750.0  5.51214E-01
    3760.0  5.56311E-01
    3770.0  5.61878E-01
    3780.0  5.68222E-01
    3790.0  5.75035E-01
    3800.0  5.81561E-01
    3810.0  5.88241E-01
    3820.0  5.95001E-01
    3830.0  6.01784E-01
    3840.0  6.08443E-01
    3850.0  6.14905E-01
    3860.0  6.21149E-01
    3870.0  6.26965E-01
    3880.0  6.32344E-01
    3890.0  6.37288E-01
    3900.0  6.41780E-01
    3910.0  6.45763E-01
    3920.0  6.49182E-01
    3930.0  6.52033E-01
    3940.0  6.54344E-01
    3950.0  6.56086E-01
    3960.0  6.57397E-01
    3970.0  6.58255E-01
    3980.0  6.58521E-01
    3990.0  6.58495E-01
    4000.0  6.58036E-01
    4010.0  6.57172E-01
    4020.0  6.56070E-01
    4030.0  6.54855E-01
    4040.0  6.53565E-01
    4050.0  6.52303E-01
    4060.0  6.51295E-01
    4070.0  6.50395E-01
    4080.0  6.49462E-01
    4090.0  6.48536E-01
    4100.0  6.47460E-01
    4110.0  6.46179E-01
    4120.0  6.44708E-01
    4130.0  6.43127E-01
    4140.0  6.41272E-01
    4150.0  6.39144E-01
    4160.0  6.36618E-01
    4170.0  6.33631E-01
    4180.0  6.29897E-01
    4190.0  6.25272E-01
    4200.0  6.19518E-01
    4210.0  6.12307E-01
    4220.0  6.03560E-01
    4230.0  5.93577E-01
    4240.0  5.82651E-01
    4250.0  5.71298E-01
    4260.0  5.60033E-01
    4270.0  5.49507E-01
    4280.0  5.39937E-01
    4290.0  5.31558E-01
    4300.0  5.24287E-01
    4310.0  5.18336E-01
    4320.0  5.13747E-01
    4330.0  5.10676E-01
    4340.0  5.09101E-01
    4350.0  5.08741E-01
    4360.0  5.09097E-01
    4370.0  5.09164E-01
    4380.0  5.07502E-01
    4390.0  5.02401E-01
    4400.0  4.91890E-01
    4410.0  4.74253E-01
    4420.0  4.48295E-01
    4430.0  4.14253E-01
    4440.0  3.73293E-01
    4450.0  3.27712E-01
    4460.0  2.80638E-01
    4470.0  2.35418E-01
    4480.0  1.94268E-01
    4490.0  1.58429E-01
    4500.0  1.28274E-01
    4510.0  1.03589E-01
    4520.0  8.36533E-02
    4530.0  6.77614E-02
    4540.0  5.50998E-02
    4550.0  4.50009E-02
    4560.0  3.69508E-02
    4570.0  3.05016E-02
    4580.0  2.53093E-02
    4590.0  2.10701E-02
    4600.0  1.76177E-02
    4610.0  1.47988E-02
    4620.0  1.24627E-02
    4630.0  1.05313E-02
    4640.0  8.92428E-03
    4650.0  7.56193E-03
    4660.0  6.42139E-03
    4670.0  5.44253E-03
    4680.0  4.62925E-03
    4690.0  3.93734E-03
    4700.0  3.33432E-03
    4710.0  2.84242E-03
    4720.0  2.41136E-03
    4730.0  2.04788E-03
    4740.0  1.75571E-03
    4750.0  1.48625E-03
    4760.0  1.27178E-03
    4770.0  1.08336E-03
    4780.0  9.36790E-04
    4790.0  7.95904E-04
    4800.0  6.70158E-04
    4810.0  5.78352E-04
    4820.0  4.89034E-04
    4830.0  4.04298E-04
    4840.0  3.59798E-04
    4850.0  2.72610E-04
    4860.0  2.57196E-04
    4870.0  2.02420E-04
    4880.0  1.74232E-04
    4890.0  1.53240E-04
    4900.0  1.24050E-04
    4910.0  1.54062E-04
    4920.0  9.02420E-05
    4930.0  7.26140E-05
    4940.0  7.70160E-05
    4950.0  4.28080E-05
    4960.0  4.74300E-05
    4970.0  4.82720E-05
    4980.0  1.30160E-05
    4990.0  2.93900E-05
    5000.0  2.30900E-05
    5020.0  2.18580E-05
    5040.0  1.55160E-05
    5060.0  1.07440E-05
    5080.0  7.25800E-06
    5100.0  4.98800E-06
    5120.0  3.48400E-06
    5140.0  2.52200E-06
    5160.0  1.62800E-06
    5180.0  1.17000E-06
    5200.0  7.46000E-07
    5220.0  5.10000E-07
    5240.0  3.52000E-07
    5260.0  1.92000E-07
    5280.0  8.40000E-08
    5300.0 -6.00000E-09
    5320.0  1.02000E-07
    5340.0  1.52000E-07
    5360.0  2.12000E-07
    5380.0  4.00000E-09
    5400.0 -4.80000E-08
    5420.0  1.08000E-07
    5440.0  1.08000E-07
    5460.0  1.26000E-07
    5480.0  2.58000E-07
    5500.0  5.10000E-07
    5520.0  9.58000E-07
    5540.0  1.88800E-06
    5560.0  3.27000E-06
    5580.0  5.36200E-06
    5600.0  7.78200E-06
    5620.0  9.70400E-06
    5640.0  1.05320E-05
    5660.0  9.73400E-06
    5680.0  7.62600E-06
    5700.0  5.11400E-06
    5720.0  2.89400E-06
    5740.0  1.51400E-06
    5760.0  6.36000E-07
    5780.0  2.44000E-07
    5800.0  1.34000E-07
    5820.0  7.80000E-08
    5840.0  9.00000E-08
    5860.0  4.00000E-08
    5880.0  4.00000E-09
    5900.0 -2.20000E-08
    5920.0  4.20000E-08
    5940.0 -1.40000E-08
    5960.0 -2.40000E-08
    5980.0 -4.80000E-08
    6000.0  6.20000E-08
    6020.0  9.80000E-08
    6040.0  2.30000E-08
    6060.0 -8.00000E-09
    6080.0 -3.00000E-08
    6100.0 -1.80000E-08
    6120.0  5.60000E-08
    6140.0 -1.30000E-08
    6160.0  4.00000E-08
    6180.0  5.60000E-08
    6200.0  1.40000E-08
    6220.0  1.20000E-08
    6240.0 -2.00000E-09
    6260.0 -2.10000E-08
    6280.0 -1.22000E-07
    6300.0 -1.00000E-07
    6320.0  8.40000E-08
    6340.0  5.80000E-08
    6360.0  3.00000E-08
    6380.0  5.40000E-08
    6400.0  5.00000E-09
    6420.0  1.20000E-08
    6440.0 -3.10000E-08
    6460.0  2.20000E-08
    6480.0  1.80000E-08
    6500.0  1.84000E-07
    6520.0  1.88000E-07
    6540.0  2.60000E-08
    6560.0  4.00000E-09
    6580.0  4.60000E-08
    6600.0  7.70000E-08
    6620.0  2.55000E-08
    6640.0  3.00000E-08
    6660.0  5.00000E-08
    6680.0  1.06000E-07
    6700.0 -1.30000E-08
    6720.0  4.20000E-08
    6740.0  5.00000E-08
    6760.0  1.26000E-07
    6780.0  5.58000E-07
    6800.0  6.02000E-07
    6820.0  6.90000E-07
    6840.0  1.13000E-06
    6860.0  1.84400E-06
    6880.0  2.57000E-06
    6900.0  3.73000E-06
    6920.0  4.81400E-06
    6940.0  5.81800E-06
    6960.0  6.70600E-06
    6980.0  7.28200E-06
    7000.0  7.39400E-06
    7020.0  7.57400E-06
    7040.0  7.15000E-06
    7060.0  6.68400E-06
    7080.0  6.04200E-06
    7100.0  5.30200E-06
    7120.0  4.63000E-06
    7140.0  3.91800E-06
    7160.0  3.21400E-06
    7180.0  2.78000E-06
    7200.0  2.31400E-06
    7220.0  1.67400E-06
    7240.0  1.45600E-06
    7260.0  1.18200E-06
    7280.0  9.04000E-07
    7300.0  5.88000E-07
    7320.0  4.98000E-07
    7340.0  5.24000E-07
    7360.0  4.70000E-07
    7380.0  3.62000E-07
    7400.0  1.62000E-07
    7420.0  7.40000E-08
    7440.0 -1.70000E-07
    7460.0 -4.30000E-08
    7480.0 -5.00000E-08
    7500.0  8.80000E-08
    7520.0  1.12000E-07
    7540.0 -8.00000E-09
    7560.0  3.50000E-08
    7580.0  6.00000E-09
    7600.0  7.80000E-08
    7620.0  4.40000E-08
    7640.0 -1.00000E-08
    7660.0  4.40000E-08
    7680.0 -2.60000E-08
    7700.0  1.03000E-07
    7720.0 -1.20000E-07
    7740.0  1.46000E-07
    7760.0  1.34000E-07
    7780.0 -5.60000E-08
    7800.0 -1.20000E-08
    7820.0 -2.62000E-07
    7840.0 -1.26000E-07
    7860.0 -1.34000E-07
    7880.0  3.60000E-08
    7900.0 -1.94000E-07
    7920.0 -3.80000E-08
    7940.0  1.20000E-07
    7960.0  1.18000E-07
    7980.0  6.00000E-07
    8000.0  2.28000E-07
    8020.0  2.28000E-07
    8040.0  8.00000E-07
    8060.0  2.04000E-07
    8080.0 -8.30000E-08
    8100.0 -2.56000E-07
    8120.0 -2.00000E-08
    8140.0  2.80000E-08
    8160.0 -1.70000E-07
    8180.0 -4.60000E-08
    8200.0 -3.04000E-07
    8220.0 -1.02000E-07
    8240.0  1.88000E-07
    8260.0  4.00000E-09
    8280.0 -2.68000E-07
    8300.0  6.80000E-08
    8320.0 -7.00000E-08
    8340.0 -1.04000E-07
    8360.0 -1.50000E-07
    8380.0 -1.74000E-07
    8400.0  7.00000E-08
    8420.0  3.20000E-08
    8440.0 -3.06000E-07
    8460.0 -2.00000E-08
    8480.0 -1.68000E-07
    8500.0  2.10000E-07
    8520.0  4.40000E-08
    8540.0  2.20000E-07
    8560.0 -2.60000E-08
    8580.0 -1.60000E-07
    8600.0 -6.00200E-06
    8620.0  7.04000E-07
    8640.0  2.42000E-07
    8660.0 -2.68000E-07
    8680.0 -7.22200E-06
    8700.0 -3.01400E-06
    8720.0 -6.05000E-06
    8740.0  9.66000E-07
    8760.0  4.22800E-06
    8780.0 -9.60000E-07
    8800.0 -2.54200E-06
    8820.0  2.74200E-06
    8840.0  1.64200E-06
    8860.0 -4.03800E-06
    8880.0  2.04800E-06
    8900.0 -1.34800E-06
    8920.0 -2.71600E-06
    8940.0 -3.32400E-06
    8960.0  6.56000E-07
    8980.0  1.11600E-06
    9000.0 -9.32000E-07
    9020.0 -1.70800E-06
    9040.0 -2.43800E-06
    9060.0  6.94000E-07
    9080.0  2.47400E-06
    9100.0  2.76000E-07
    9120.0 -1.96000E-06
    9140.0 -4.94000E-07
    9160.0  9.28000E-07
    9180.0 -2.07000E-06
    9200.0  8.08000E-07
    9220.0  9.50000E-07
    9240.0  4.56000E-07
    9260.0 -1.28000E-07
    9280.0 -5.32000E-07
    9300.0 -5.18000E-07
    9320.0  2.56000E-07
    9340.0  1.91200E-06
    9360.0 -8.42000E-07
    9380.0 -3.13200E-06
    9400.0 -4.04000E-07
    9420.0 -1.13600E-06
    9440.0 -9.68000E-07
    9460.0  9.58000E-07
    9480.0 -1.50000E-07
    9500.0 -1.30200E-06
    9520.0 -6.60000E-07
    9540.0 -8.60000E-07
    9560.0 -9.16000E-07
    9580.0  1.21000E-06
    9600.0 -6.10000E-07
    9620.0 -1.42000E-06
    9640.0 -6.82000E-07
    9660.0 -3.72000E-07
    9680.0 -5.64000E-07
    9700.0 -1.66000E-07
    9720.0  4.86000E-07
    9740.0  4.62000E-07
    9760.0 -1.58000E-07
    9780.0 -5.00000E-07
    9800.0  1.74000E-07
    9820.0  2.06000E-07
    9840.0 -1.88000E-07
    9860.0 -4.18000E-07
    9880.0 -5.18000E-07
    9900.0 -5.44000E-07
    9920.0 -7.02000E-07
    9940.0 -5.20000E-07
    9960.0 -2.14000E-07
    9980.0  3.74000E-07
   10000.0  7.00000E-08
   10020.0 -3.60000E-08
   10040.0 -1.20000E-08
   10060.0 -3.76000E-07
   10080.0 -4.90000E-07
   10100.0 -2.32000E-07
   10120.0 -2.48000E-07
   10140.0 -1.38000E-07
   10160.0 -3.86000E-07
   10180.0 -9.04000E-07
   10200.0 -1.40000E-07
   10220.0 -1.62000E-07
   10240.0 -5.84000E-07
   10260.0 -3.68000E-07
   10280.0  1.62000E-07
   10300.0  4.52000E-07
   10320.0  8.74000E-07
   10340.0 -9.00000E-08
   10360.0 -9.04000E-07
   10380.0 -3.36000E-07
   10400.0 -2.56000E-07
   10420.0 -2.42000E-07
   10440.0 -2.74000E-07
   10460.0 -2.00000E-07
   10480.0  1.98000E-07
   10500.0  6.00000E-09
   10520.0 -1.58819E-23
   10540.0  1.12000E-07
   10560.0 -3.90000E-07
   10580.0 -2.46000E-07
   10600.0 -1.32000E-07
   10620.0 -5.70000E-07
   10640.0 -3.98000E-07
   10660.0  3.06000E-07
   10680.0  8.88000E-07
   10700.0  5.68000E-07
   10720.0  1.40000E-08
   10740.0 -2.40000E-07
   10760.0  2.00000E-09
   10780.0  8.40000E-08
   10800.0 -3.34000E-07
   10820.0  3.74000E-07
   10840.0  2.00000E-07
   10860.0 -1.48000E-07
   10880.0  5.38000E-07
   10900.0  2.46000E-07
   10920.0 -2.24000E-07
   10940.0 -1.82000E-07
   10960.0  3.20000E-08
   10980.0 -2.26000E-07
   11000.0  1.80000E-08
   11020.0  2.00000E-09
   11040.0 -2.66000E-07
   11060.0 -4.96000E-07
   11080.0  8.02000E-07
   11100.0  9.28000E-07
   11120.0  6.42000E-07
   11140.0 -5.06000E-07
   11160.0 -5.80000E-08
   11180.0  2.08000E-07
   11200.0  3.40000E-08
   11220.0  2.48000E-07
   11240.0 -6.40000E-08
   11260.0 -7.40000E-08
   11280.0  5.22000E-07
   11300.0  3.40000E-08
   11320.0  4.28000E-07
   11340.0  6.46000E-07
   11360.0  2.18000E-07
   11380.0  2.00000E-07
   11400.0  2.94000E-07
   11420.0  7.02000E-07
   11440.0  8.56000E-07
   11460.0  3.20000E-07
   11480.0  3.16000E-07
   11500.0  9.40000E-08
   11520.0  6.14000E-07
   11540.0  9.24000E-07
   11560.0  1.04400E-06
   11580.0 -1.90000E-07
   11600.0  9.00000E-07
   11620.0  9.64000E-07
   11640.0  1.07800E-06
   11660.0  6.00000E-07
   11680.0  1.25800E-06
   11700.0  7.94000E-07
   11720.0  7.54000E-07
   11740.0  1.08800E-06
   11760.0  1.08400E-06
   11780.0  1.46200E-06
   11800.0  6.98000E-07
   11820.0  9.78000E-07
   11840.0  1.17600E-06
   11860.0  1.23800E-06
   11880.0  1.64800E-06
   11900.0  1.27600E-06
   11920.0  1.63000E-06
   11940.0  1.66200E-06
   11960.0  1.50400E-06
   11980.0  1.77800E-06
   12000.0  1.48400E-06
   12020.0  1.83600E-06
   12040.0  1.81000E-06
   12060.0  1.79600E-06
   12080.0  1.81000E-06
   12100.0  1.76800E-06
   12120.0  2.28000E-06
   12140.0  1.99200E-06
   12160.0  2.66600E-06
   12180.0  2.39600E-06
   12200.0  1.90800E-06
   12220.0  2.31800E-06
   12240.0  2.44600E-06
   12260.0  3.16000E-06
   12280.0  2.56200E-06
   12300.0  2.46600E-06
   12320.0  2.87400E-06
   12340.0  3.01000E-06
   12360.0  2.68200E-06
   12380.0  3.27000E-06
   12400.0  2.62600E-06
   12420.0  3.86400E-06
   12440.0  4.02600E-06
   12460.0  3.62600E-06
   12480.0  3.65200E-06
   12500.0  5.04200E-06
   12520.0  4.69200E-06
   12540.0  4.38000E-06
   12560.0  5.24800E-06
   12580.0  5.09000E-06
   12600.0  5.67800E-06
   12620.0  5.41200E-06
   12640.0  5.31200E-06
   12660.0  7.35000E-06
   12680.0  6.35600E-06
   12700.0  6.39000E-06
   12720.0  7.32600E-06
   12740.0  7.64200E-06
   12760.0  7.76200E-06
   12780.0  8.09800E-06
   12800.0  8.77400E-06
   12820.0  9.31800E-06
   12840.0  9.74600E-06
   12860.0  1.09740E-05
   12880.0  1.10560E-05
   12900.0  1.13200E-05
   12920.0  1.30840E-05
   12940.0  1.33000E-05
   12960.0  1.47220E-05
   12980.0  1.54240E-05
   13000.0  1.65980E-05
   13020.0  1.78960E-05
   13040.0  1.88320E-05
   13060.0  1.90600E-05
   13080.0  2.06740E-05
   13100.0  2.22440E-05
   13120.0  2.31520E-05
   13140.0  2.55840E-05
   13160.0  2.80900E-05
   13180.0  2.88220E-05
   13200.0  3.06040E-05
   13220.0  3.32260E-05
   13240.0  3.58720E-05
   13260.0  3.82360E-05
   13280.0  4.11040E-05
   13300.0  4.27840E-05
   13320.0  4.52280E-05
   13340.0  4.86860E-05
   13360.0  5.24320E-05
   13380.0  5.55400E-05
   13400.0  6.08520E-05
   13420.0  6.55180E-05
   13440.0  6.69060E-05
   13460.0  7.05660E-05
   13480.0  7.92460E-05
   13500.0  8.10100E-05
   13520.0  8.56700E-05
   13540.0  9.80200E-05
   13560.0  9.61800E-05
   13580.0  8.71780E-05
   13600.0  1.04590E-04
   13620.0  1.27046E-04
   13640.0  1.09132E-04
   13660.0  1.05290E-04
   13680.0  1.25028E-04
   13700.0  1.60976E-04
   13720.0  1.98392E-04
   13740.0  1.91320E-04
   13760.0  1.54886E-04
   13780.0  1.18992E-04
   13800.0  1.31080E-04
   13820.0  1.97414E-04
   13840.0  2.18654E-04
   13860.0  2.27230E-04
   13880.0  2.26118E-04
   13900.0  2.00760E-04
   13920.0  2.01006E-04
   13940.0  2.33054E-04
   13960.0  2.44210E-04
   13980.0  2.33574E-04
   14000.0  2.80368E-04
   14020.0  2.51926E-04
   14040.0  2.48886E-04
   14060.0  2.88264E-04
   14080.0  3.07756E-04
   14100.0  2.82008E-04
   14120.0  2.87104E-04
   14140.0  3.24338E-04
   14160.0  3.17378E-04
   14180.0  3.31112E-04
   14200.0  3.26170E-04
   14220.0  3.32354E-04
   14240.0  3.54824E-04
   14260.0  3.63794E-04
   14280.0  3.62366E-04
   14300.0  3.62402E-04
   14320.0  3.73672E-04
   14340.0  3.71692E-04
   14360.0  3.78898E-04
   14380.0  3.86418E-04
   14400.0  3.91766E-04
   14420.0  3.96174E-04
   14440.0  4.26916E-04
   14460.0  4.23886E-04
   14480.0  4.13392E-04
   14500.0  4.33174E-04
   14520.0  4.38808E-04
   14540.0  4.46532E-04
   14560.0  4.62978E-04
   14580.0  4.57900E-04
   14600.0  4.57564E-04
   14620.0  4.66174E-04
   14640.0  4.74874E-04
   14660.0  4.79562E-04
   14680.0  4.94888E-04
   14700.0  5.18182E-04
   14720.0  5.26596E-04
   14740.0  5.23006E-04
   14760.0  5.36106E-04
   14780.0  5.49998E-04
   14800.0  5.67042E-04
   14820.0  5.72468E-04
   14840.0  5.82222E-04
   14860.0  5.96460E-04
   14880.0  6.10386E-04
   14900.0  6.22198E-04
   14920.0  6.37186E-04
   14940.0  6.48800E-04
   14960.0  6.64886E-04
   14980.0  6.79304E-04
   15000.0  6.99172E-04
   15020.0  7.26266E-04
   15040.0  7.65002E-04
   15060.0  7.56856E-04
   15080.0  7.69144E-04
   15100.0  7.90230E-04
   15120.0  8.15618E-04
   15140.0  8.48518E-04
   15160.0  8.96886E-04
   15180.0  8.94450E-04
   15200.0  9.14984E-04
   15220.0  9.45062E-04
   15240.0  9.73740E-04
   15260.0  1.01443E-03
   15280.0  1.09051E-03
   15300.0  1.08238E-03
   15320.0  1.10632E-03
   15340.0  1.14573E-03
   15360.0  1.18761E-03
   15380.0  1.22705E-03
   15400.0  1.27101E-03
   15420.0  1.31705E-03
   15440.0  1.37222E-03
   15460.0  1.41083E-03
   15480.0  1.47649E-03
   15500.0  1.54702E-03
   15520.0  1.65933E-03
   15540.0  1.63912E-03
   15560.0  1.68058E-03
   15580.0  1.73720E-03
   15600.0  1.80307E-03
   15620.0  1.86278E-03
   15640.0  1.95158E-03
   15660.0  2.04455E-03
   15680.0  2.18882E-03
   15700.0  2.14469E-03
   15720.0  2.21816E-03
   15740.0  2.30407E-03
   15760.0  2.41495E-03
   15780.0  2.57307E-03
   15800.0  2.54271E-03
   15820.0  2.63029E-03
   15840.0  2.76680E-03
   15860.0  2.92834E-03
   15880.0  2.89811E-03
   15900.0  2.99425E-03
   15920.0  3.14128E-03
   15940.0  3.32576E-03
   15960.0  3.26972E-03
   15980.0  3.35248E-03
   16000.0  3.50199E-03
   16020.0  3.64510E-03
   16040.0  3.89165E-03
   16060.0  3.77062E-03
   16080.0  3.89794E-03
   16100.0  4.00427E-03
   16120.0  4.14557E-03
   16140.0  4.22863E-03
   16160.0  4.35334E-03
   16180.0  4.44052E-03
   16200.0  4.56646E-03
   16220.0  4.67152E-03
   16240.0  4.82526E-03
   16260.0  4.99651E-03
   16280.0  5.26045E-03
   16300.0  5.08370E-03
   16320.0  5.18057E-03
   16340.0  5.27469E-03
   16360.0  5.37985E-03
   16380.0  5.44853E-03
   16400.0  5.56950E-03
   16420.0  5.64379E-03
   16440.0  5.75452E-03
   16460.0  5.85920E-03
   16480.0  6.05517E-03
   16500.0  6.21485E-03
   16520.0  6.06330E-03
   16540.0  6.12468E-03
   16560.0  6.18960E-03
   16580.0  6.31511E-03
   16600.0  6.53790E-03
   16620.0  6.76260E-03
   16640.0  6.63341E-03
   16660.0  6.95763E-03
   16680.0  7.40031E-03
   16700.0  6.76802E-03
   16720.0  6.83151E-03
   16740.0  6.86717E-03
   16760.0  6.93399E-03
   16780.0  6.94059E-03
   16800.0  6.99810E-03
   16820.0  7.04251E-03
   16840.0  7.10580E-03
   16860.0  7.21017E-03
   16880.0  7.39751E-03
   16900.0  7.49322E-03
   16920.0  7.21605E-03
   16940.0  7.24619E-03
   16960.0  7.30401E-03
   16980.0  7.36006E-03
   17000.0  7.45226E-03
   17020.0  7.62738E-03
   17040.0  7.79593E-03
   17060.0  7.52337E-03
   17080.0  7.73807E-03
   17100.0  7.85059E-03
   17120.0  7.58299E-03
   17140.0  7.64016E-03
   17160.0  7.79827E-03
   17180.0  7.96638E-03
   17200.0  8.10722E-03
   17220.0  7.84651E-03
   17240.0  8.01464E-03
   17260.0  8.24999E-03
   17280.0  8.39864E-03
   17300.0  8.11331E-03
   17320.0  8.21906E-03
   17340.0  8.24068E-03
   17360.0  8.30901E-03
   17380.0  8.44304E-03
   17400.0  8.58884E-03
   17420.0  8.68930E-03
   17440.0  8.95559E-03
   17460.0  9.11404E-03
   17480.0  8.93612E-03
   17500.0  9.00112E-03
   17520.0  9.10828E-03
   17540.0  9.17497E-03
   17560.0  9.31815E-03
   17580.0  9.40487E-03
   17600.0  9.49830E-03
   17620.0  9.63481E-03
   17640.0  9.84742E-03
   17660.0  1.00820E-02
   17680.0  1.03632E-02
   17700.0  1.03146E-02
   17720.0  9.89801E-03
   17740.0  9.97555E-03
   17760.0  1.07146E-02
   17780.0  1.12218E-02
   17800.0  1.09526E-02
   17820.0  1.10349E-02
   17840.0  1.17547E-02
   17860.0  1.22521E-02
   17880.0  1.23922E-02
   17900.0  1.20906E-02
   17920.0  1.21308E-02
   17940.0  1.27368E-02
   17960.0  1.29477E-02
   17980.0  1.29207E-02
   18000.0  1.31812E-02
   18020.0  1.32310E-02
   18040.0  1.39241E-02
   18060.0  1.46449E-02
   18080.0  1.46651E-02
   18100.0  1.52641E-02
   18120.0  1.59401E-02
   18140.0  1.56149E-02
   18160.0  1.37813E-02
   18180.0  1.43473E-02
   18200.0  1.84856E-02
   18220.0  1.83044E-02
   18240.0  1.57430E-02
   18260.0  1.61595E-02
   18280.0  1.91017E-02
   18300.0  2.19338E-02
   18320.0  2.02941E-02
   18340.0  1.67360E-02
   18360.0  1.54021E-02
   18380.0  1.91899E-02
   18400.0  2.76393E-02
   18420.0  2.45995E-02
   18440.0  1.57029E-02
   18460.0  1.85100E-02
   18480.0  2.75377E-02
   18500.0  2.74412E-02
   18520.0  2.64849E-02
   18540.0  1.99955E-02
   18560.0  1.84300E-02
   18580.0  2.60705E-02
   18600.0  3.76340E-02
   18620.0  3.96999E-02
   18640.0  2.82523E-02
   18660.0  2.32281E-02
   18680.0  2.25466E-02
   18700.0  2.56880E-02
   18720.0  2.93668E-02
   18740.0  3.44802E-02
   18760.0  4.03544E-02
   18780.0  3.64777E-02
   18800.0  3.38013E-02
   18820.0  3.63869E-02
   18840.0  3.96445E-02
   18860.0  3.41754E-02
   18880.0  3.07027E-02
   18900.0  4.09586E-02
   18920.0  5.25817E-02
   18940.0  4.43122E-02
   18960.0  3.77144E-02
   18980.0  4.13134E-02
   19000.0  4.05419E-02
   19020.0  3.92090E-02
   19040.0  4.74353E-02
   19060.0  5.33646E-02
   19080.0  4.56731E-02
   19100.0  4.69691E-02
   19120.0  5.71056E-02
   19140.0  5.62937E-02
   19160.0  4.78907E-02
   19180.0  4.79508E-02
   19200.0  5.68305E-02
   19220.0  5.77774E-02
   19240.0  5.25388E-02
   19260.0  5.57727E-02
   19280.0  6.08984E-02
   19300.0  6.51880E-02
   19320.0  6.35732E-02
   19340.0  6.14824E-02
   19360.0  5.97916E-02
   19380.0  7.06591E-02
   19400.0  7.00952E-02
   19420.0  6.36006E-02
   19440.0  6.64756E-02
   19460.0  7.41015E-02
   19480.0  7.39714E-02
   19500.0  7.26935E-02
   19520.0  7.10151E-02
   19540.0  7.78781E-02
   19560.0  7.75013E-02
   19580.0  7.55125E-02
   19600.0  8.08211E-02
   19620.0  8.23653E-02
   19640.0  7.97018E-02
   19660.0  8.42630E-02
   19680.0  8.57410E-02
   19700.0  8.72644E-02
   19720.0  8.69087E-02
   19740.0  8.46829E-02
   19760.0  9.00745E-02
   19780.0  9.24596E-02
   19800.0  9.35374E-02
   19820.0  9.44055E-02
   19840.0  9.53968E-02
   19860.0  9.67988E-02
   19880.0  9.80556E-02
   19900.0  9.94722E-02
   19920.0  1.00632E-01
   19940.0  1.01948E-01
   19960.0  1.02934E-01
   19980.0  1.05699E-01
   20000.0  1.09289E-01
