-16.557
    1900.0  4.94227E-02
    1910.0  5.55733E-02
    1920.0  6.27425E-02
    1930.0  7.10947E-02
    1940.0  7.96531E-02
    1950.0  8.91217E-02
    1960.0  9.90353E-02
    1970.0  1.09069E-01
    1980.0  1.19271E-01
    1990.0  1.29225E-01
    2000.0  1.38678E-01
    2010.0  1.47486E-01
    2020.0  1.55450E-01
    2030.0  1.62444E-01
    2040.0  1.68438E-01
    2050.0  1.73454E-01
    2060.0  1.77494E-01
    2070.0  1.80666E-01
    2080.0  1.83090E-01
    2090.0  1.84868E-01
    2100.0  1.86101E-01
    2110.0  1.86811E-01
    2120.0  1.87104E-01
    2130.0  1.86963E-01
    2140.0  1.86453E-01
    2150.0  1.85567E-01
    2160.0  1.84318E-01
    2170.0  1.82796E-01
    2180.0  1.80968E-01
    2190.0  1.78821E-01
    2200.0  1.76391E-01
    2210.0  1.73710E-01
    2220.0  1.70758E-01
    2230.0  1.67509E-01
    2240.0  1.63978E-01
    2250.0  1.60220E-01
    2260.0  1.56159E-01
    2270.0  1.51776E-01
    2280.0  1.47196E-01
    2290.0  1.42352E-01
    2300.0  1.37234E-01
    2310.0  1.31868E-01
    2320.0  1.26271E-01
    2330.0  1.20478E-01
    2340.0  1.14438E-01
    2350.0  1.08215E-01
    2360.0  1.01897E-01
    2370.0  9.55084E-02
    2380.0  8.90743E-02
    2390.0  8.26656E-02
    2400.0  7.63340E-02
    2410.0  7.01390E-02
    2420.0  6.41452E-02
    2430.0  5.83769E-02
    2440.0  5.29046E-02
    2450.0  4.77661E-02
    2460.0  4.29947E-02
    2470.0  3.85908E-02
    2480.0  3.45755E-02
    2490.0  3.09247E-02
    2500.0  2.76158E-02
    2510.0  2.46233E-02
    2520.0  2.19363E-02
    2530.0  1.95395E-02
    2540.0  1.74035E-02
    2550.0  1.55117E-02
    2560.0  1.38429E-02
    2570.0  1.23403E-02
    2580.0  1.10271E-02
    2590.0  9.87117E-03
    2600.0  8.83509E-03
    2610.0  7.91491E-03
    2620.0  7.10694E-03
    2630.0  6.39103E-03
    2640.0  5.76076E-03
    2650.0  5.20643E-03
    2660.0  4.69396E-03
    2670.0  4.23278E-03
    2680.0  3.84224E-03
    2690.0  3.49321E-03
    2700.0  3.18396E-03
    2710.0  2.90037E-03
    2720.0  2.64861E-03
    2730.0  2.41669E-03
    2740.0  2.21887E-03
    2750.0  2.01645E-03
    2760.0  1.87106E-03
    2770.0  1.71073E-03
    2780.0  1.58219E-03
    2790.0  1.46576E-03
    2800.0  1.34719E-03
    2810.0  1.24525E-03
    2820.0  1.16837E-03
    2830.0  1.06167E-03
    2840.0  9.92066E-04
    2850.0  9.37210E-04
    2860.0  8.67638E-04
    2870.0  7.92824E-04
    2880.0  7.53272E-04
    2890.0  7.00424E-04
    2900.0  6.45096E-04
    2910.0  6.15860E-04
    2920.0  5.78030E-04
    2930.0  5.39450E-04
    2940.0  5.11916E-04
    2950.0  4.80232E-04
    2960.0  4.44796E-04
    2970.0  4.24066E-04
    2980.0  3.91496E-04
    2990.0  3.79094E-04
    3000.0  3.68270E-04
    3020.0  3.40494E-04
    3040.0  3.08308E-04
    3060.0  2.79916E-04
    3080.0  2.55342E-04
    3100.0  2.33874E-04
    3120.0  2.14100E-04
    3140.0  1.97242E-04
    3160.0  1.82012E-04
    3180.0  1.67306E-04
    3200.0  1.55312E-04
    3220.0  1.44270E-04
    3240.0  1.33834E-04
    3260.0  1.24822E-04
    3280.0  1.16992E-04
    3300.0  1.09368E-04
    3320.0  1.02404E-04
    3340.0  9.61940E-05
    3360.0  9.00340E-05
    3380.0  8.48880E-05
    3400.0  7.98640E-05
    3420.0  7.52240E-05
    3440.0  7.07880E-05
    3460.0  6.70200E-05
    3480.0  6.32080E-05
    3500.0  5.97580E-05
    3520.0  5.66020E-05
    3540.0  5.33860E-05
    3560.0  5.04640E-05
    3580.0  4.77120E-05
    3600.0  4.54800E-05
    3620.0  4.26540E-05
    3640.0  4.07920E-05
    3660.0  3.86240E-05
    3680.0  3.65580E-05
    3700.0  3.47680E-05
    3720.0  3.34480E-05
    3740.0  3.10540E-05
    3760.0  2.96380E-05
    3780.0  2.78740E-05
    3800.0  2.65260E-05
    3820.0  2.50680E-05
    3840.0  2.36400E-05
    3860.0  2.27280E-05
    3880.0  2.13920E-05
    3900.0  2.03200E-05
    3920.0  1.94360E-05
    3940.0  1.85280E-05
    3960.0  1.75060E-05
    3980.0  1.67160E-05
    4000.0  1.58800E-05
    4020.0  1.51760E-05
    4040.0  1.44740E-05
    4060.0  1.37100E-05
    4080.0  1.31560E-05
    4100.0  1.24320E-05
    4120.0  1.18760E-05
    4140.0  1.13040E-05
    4160.0  1.07500E-05
    4180.0  1.02420E-05
    4200.0  9.83800E-06
    4220.0  9.52600E-06
    4240.0  9.07400E-06
    4260.0  8.62800E-06
    4280.0  8.30600E-06
    4300.0  7.94800E-06
    4320.0  7.52400E-06
    4340.0  7.18600E-06
    4360.0  7.03600E-06
    4380.0  6.64600E-06
    4400.0  6.31600E-06
    4420.0  6.16400E-06
    4440.0  5.77600E-06
    4460.0  5.59000E-06
    4480.0  5.39800E-06
    4500.0  5.20400E-06
    4520.0  5.05400E-06
    4540.0  4.90800E-06
    4560.0  4.68600E-06
    4580.0  4.55600E-06
    4600.0  4.33200E-06
    4620.0  4.10800E-06
    4640.0  3.96800E-06
    4660.0  3.88600E-06
    4680.0  3.72600E-06
    4700.0  3.59400E-06
    4720.0  3.47200E-06
    4740.0  3.35000E-06
    4760.0  3.18800E-06
    4780.0  3.10800E-06
    4800.0  3.06400E-06
    4820.0  2.87800E-06
    4840.0  2.79800E-06
    4860.0  2.78800E-06
    4880.0  2.63200E-06
    4900.0  2.50200E-06
    4920.0  2.53400E-06
    4940.0  2.40000E-06
    4960.0  2.20600E-06
    4980.0  2.22800E-06
    5000.0  2.18200E-06
    5020.0  2.06200E-06
    5040.0  2.01200E-06
    5060.0  1.94400E-06
    5080.0  1.84600E-06
    5100.0  1.82200E-06
    5120.0  1.83200E-06
    5140.0  1.68200E-06
    5160.0  1.62800E-06
    5180.0  1.67600E-06
    5200.0  1.63000E-06
    5220.0  1.53600E-06
    5240.0  1.53400E-06
    5260.0  1.51600E-06
    5280.0  1.39200E-06
    5300.0  1.37000E-06
    5320.0  1.37600E-06
    5340.0  1.30000E-06
    5360.0  1.30200E-06
    5380.0  1.29400E-06
    5400.0  1.16800E-06
    5420.0  1.10800E-06
    5440.0  1.20600E-06
    5460.0  1.19000E-06
    5480.0  1.14000E-06
    5500.0  1.10200E-06
    5520.0  1.04000E-06
    5540.0  1.06200E-06
    5560.0  1.04800E-06
    5580.0  8.50000E-07
    5600.0  8.30000E-07
    5620.0  9.04000E-07
    5640.0  9.14000E-07
    5660.0  1.07400E-06
    5680.0  9.54000E-07
    5700.0  8.74000E-07
    5720.0  9.00000E-07
    5740.0  8.96000E-07
    5760.0  8.14000E-07
    5780.0  7.42000E-07
    5800.0  7.62000E-07
    5820.0  8.06000E-07
    5840.0  7.30000E-07
    5860.0  6.94000E-07
    5880.0  6.24000E-07
    5900.0  6.10000E-07
    5920.0  5.50000E-07
    5940.0  6.96000E-07
    5960.0  6.06000E-07
    5980.0  5.90000E-07
    6000.0  6.90000E-07
    6020.0  5.80000E-07
    6040.0  5.70000E-07
    6060.0  6.88000E-07
    6080.0  6.34000E-07
    6100.0  5.30000E-07
    6120.0  5.06000E-07
    6140.0  5.36000E-07
    6160.0  5.32000E-07
    6180.0  5.02000E-07
    6200.0  4.34000E-07
    6220.0  5.16000E-07
    6240.0  5.08000E-07
    6260.0  4.48000E-07
    6280.0  4.08000E-07
    6300.0  3.50000E-07
    6320.0  4.34000E-07
    6340.0  5.42000E-07
    6360.0  4.80000E-07
    6380.0  4.54000E-07
    6400.0  4.04000E-07
    6420.0  5.34000E-07
    6440.0  5.22000E-07
    6460.0  3.54000E-07
    6480.0  3.08000E-07
    6500.0  4.06000E-07
    6520.0  3.76000E-07
    6540.0  4.52000E-07
    6560.0  5.04000E-07
    6580.0  4.58000E-07
    6600.0  3.06000E-07
    6620.0  5.44000E-07
    6640.0  4.64000E-07
    6660.0  2.54000E-07
    6680.0  2.94000E-07
    6700.0  4.94000E-07
    6720.0  3.48000E-07
    6740.0  1.92000E-07
    6760.0  3.56000E-07
    6780.0  4.64000E-07
    6800.0  3.20000E-07
    6820.0  3.06000E-07
    6840.0  4.28000E-07
    6860.0  3.86000E-07
    6880.0  2.88000E-07
    6900.0  4.24000E-07
    6920.0  3.54000E-07
    6940.0  3.26000E-07
    6960.0  4.02000E-07
    6980.0  3.42000E-07
    7000.0  2.80000E-07
    7020.0  3.68000E-07
    7040.0  4.18000E-07
    7060.0  1.80000E-07
    7080.0  2.00000E-07
    7100.0  4.48000E-07
    7120.0  3.50000E-07
    7140.0  4.40000E-07
    7160.0  2.62000E-07
    7180.0  4.40000E-07
    7200.0  4.10000E-07
    7220.0  3.08000E-07
    7240.0  2.64000E-07
    7260.0  2.30000E-07
    7280.0  3.60000E-07
    7300.0  5.00000E-07
    7320.0  2.86000E-07
    7340.0  3.42000E-07
    7360.0  4.78000E-07
    7380.0  4.12000E-07
    7400.0  2.68000E-07
    7420.0  4.00000E-07
    7440.0  4.78000E-07
    7460.0  2.14000E-07
    7480.0  1.58000E-07
    7500.0  3.10000E-07
    7520.0  3.48000E-07
    7540.0  5.66000E-07
    7560.0  5.16000E-07
    7580.0  6.14000E-07
    7600.0  7.14000E-07
    7620.0  3.80000E-07
    7640.0  5.00000E-07
    7660.0  5.10000E-07
    7680.0  3.80000E-07
    7700.0  3.36000E-07
    7720.0  5.28000E-07
    7740.0  7.32000E-07
    7760.0  5.14000E-07
    7780.0  4.82000E-07
    7800.0  4.56000E-07
    7820.0  6.26000E-07
    7840.0  4.86000E-07
    7860.0  7.76000E-07
    7880.0  6.74000E-07
    7900.0  6.40000E-07
    7920.0  7.18000E-07
    7940.0  7.34000E-07
    7960.0  7.90000E-07
    7980.0  7.60000E-07
    8000.0  7.80000E-07
    8020.0  1.03400E-06
    8040.0  8.56000E-07
    8060.0  9.90000E-07
    8080.0  9.34000E-07
    8100.0  7.84000E-07
    8120.0  9.82000E-07
    8140.0  9.60000E-07
    8160.0  9.56000E-07
    8180.0  1.13200E-06
    8200.0  1.31800E-06
    8220.0  1.06000E-06
    8240.0  1.03000E-06
    8260.0  1.30000E-06
    8280.0  1.28200E-06
    8300.0  1.15600E-06
    8320.0  1.51600E-06
    8340.0  1.48400E-06
    8360.0  1.50600E-06
    8380.0  1.29800E-06
    8400.0  1.26200E-06
    8420.0  1.44000E-06
    8440.0  1.53200E-06
    8460.0  1.80400E-06
    8480.0  1.38600E-06
    8500.0  1.60600E-06
    8520.0  1.81200E-06
    8540.0  1.25800E-06
    8560.0  1.79600E-06
    8580.0  3.25400E-06
    8600.0  4.54000E-06
    8620.0 -2.92000E-07
    8640.0 -1.18400E-06
    8660.0  4.78000E-07
    8680.0  2.33200E-06
    8700.0  4.24000E-07
    8720.0  2.57200E-06
    8740.0  3.44000E-07
    8760.0 -3.96000E-07
    8780.0 -6.06000E-07
    8800.0  2.42800E-06
    8820.0  2.72600E-06
    8840.0  2.89000E-06
    8860.0  1.36000E-06
    8880.0  6.24000E-07
    8900.0  4.86200E-06
    8920.0  2.04800E-06
    8940.0  1.55200E-06
    8960.0  2.91800E-06
    8980.0  2.04800E-06
    9000.0  2.09600E-06
    9020.0  1.57200E-06
    9040.0  3.53400E-06
    9060.0 -9.86000E-07
    9080.0  2.26000E-07
    9100.0  1.57200E-06
    9120.0  1.26800E-06
    9140.0  2.85400E-06
    9160.0  3.85800E-06
    9180.0  3.40800E-06
    9200.0  3.14200E-06
    9220.0  1.52200E-06
    9240.0  1.32000E-07
    9260.0  1.28800E-06
    9280.0  2.64600E-06
    9300.0  1.11000E-06
    9320.0  2.48400E-06
    9340.0  2.23600E-06
    9360.0  1.57800E-06
    9380.0  1.98400E-06
    9400.0  2.36600E-06
    9420.0  2.35600E-06
    9440.0  1.31600E-06
    9460.0  1.08000E-06
    9480.0  1.74200E-06
    9500.0  2.03200E-06
    9520.0  2.38400E-06
    9540.0  2.02000E-06
    9560.0  8.12000E-07
    9580.0  1.94400E-06
    9600.0  1.79400E-06
    9620.0  1.63600E-06
    9640.0  2.42200E-06
    9660.0  2.02000E-06
    9680.0  1.24000E-06
    9700.0  1.32600E-06
    9720.0  1.08400E-06
    9740.0  1.29200E-06
    9760.0  1.39400E-06
    9780.0  1.56800E-06
    9800.0  1.31800E-06
    9820.0  6.40000E-07
    9840.0  1.02400E-06
    9860.0  1.48800E-06
    9880.0  9.30000E-07
    9900.0  1.35000E-06
    9920.0  1.72400E-06
    9940.0  9.70000E-07
    9960.0  1.02000E-06
    9980.0  1.55000E-06
   10000.0  1.50600E-06
   10020.0  1.80400E-06
   10040.0  1.76200E-06
   10060.0  9.60000E-07
   10080.0  8.78000E-07
   10100.0  1.40600E-06
   10120.0  1.56800E-06
   10140.0  1.66400E-06
   10160.0  1.68600E-06
   10180.0  1.28600E-06
   10200.0  9.10000E-07
   10220.0  1.17800E-06
   10240.0  1.66400E-06
   10260.0  7.46000E-07
   10280.0  1.35000E-06
   10300.0  8.50000E-07
   10320.0  1.60600E-06
   10340.0  7.86000E-07
   10360.0  9.22000E-07
   10380.0  1.76600E-06
   10400.0  7.40000E-07
   10420.0  8.36000E-07
   10440.0  1.07200E-06
   10460.0  1.28000E-06
   10480.0  8.38000E-07
   10500.0  6.46000E-07
   10520.0  1.09800E-06
   10540.0  1.41200E-06
   10560.0  4.90000E-07
   10580.0  7.32000E-07
   10600.0  9.04000E-07
   10620.0  1.61600E-06
   10640.0  1.40600E-06
   10660.0  7.14000E-07
   10680.0  1.05800E-06
   10700.0  6.96000E-07
   10720.0  7.84000E-07
   10740.0  1.28400E-06
   10760.0  9.70000E-07
   10780.0  7.42000E-07
   10800.0  1.16800E-06
   10820.0  1.41200E-06
   10840.0  1.02800E-06
   10860.0  8.22000E-07
   10880.0  6.32000E-07
   10900.0  1.23200E-06
   10920.0  8.18000E-07
   10940.0  1.16000E-06
   10960.0  7.08000E-07
   10980.0  3.98000E-07
   11000.0  9.66000E-07
   11020.0  3.72000E-07
   11040.0  8.80000E-07
   11060.0  3.38000E-07
   11080.0  1.60000E-06
   11100.0  6.18000E-07
   11120.0  1.11800E-06
   11140.0  8.44000E-07
   11160.0  1.04200E-06
   11180.0 -6.80000E-08
   11200.0  2.06000E-07
   11220.0  6.86000E-07
   11240.0  9.28000E-07
   11260.0  7.76000E-07
   11280.0  4.74000E-07
   11300.0  3.86000E-07
   11320.0  9.04000E-07
   11340.0  6.96000E-07
   11360.0  6.48000E-07
   11380.0  9.42000E-07
   11400.0  7.14000E-07
   11420.0  4.90000E-07
   11440.0  6.66000E-07
   11460.0  2.18000E-07
   11480.0  1.02000E-06
   11500.0  4.62000E-07
   11520.0  7.20000E-08
   11540.0  1.06400E-06
   11560.0  8.98000E-07
   11580.0  9.20000E-07
   11600.0  1.01600E-06
   11620.0  5.94000E-07
   11640.0  4.58000E-07
   11660.0  1.11800E-06
   11680.0  8.74000E-07
   11700.0  6.66000E-07
   11720.0  1.32000E-07
   11740.0  6.60000E-07
   11760.0  1.01200E-06
   11780.0  7.24000E-07
   11800.0  3.36000E-07
   11820.0  8.16000E-07
   11840.0  5.68000E-07
   11860.0  3.44000E-07
   11880.0  7.68000E-07
   11900.0  6.32000E-07
   11920.0  6.42000E-07
   11940.0  5.34000E-07
   11960.0  4.20000E-08
   11980.0  6.48000E-07
   12000.0  2.00000E-07
   12020.0  7.26000E-07
   12040.0  5.46000E-07
   12060.0  3.30000E-07
   12080.0  5.82000E-07
   12100.0  7.80000E-08
   12120.0  8.42000E-07
   12140.0  1.11800E-06
   12160.0  3.32000E-07
   12180.0  1.82000E-07
   12200.0  5.64000E-07
   12220.0  6.14000E-07
   12240.0  1.32000E-07
   12260.0  5.64000E-07
   12280.0  4.26000E-07
   12300.0  4.42000E-07
   12320.0  3.80000E-07
   12340.0  6.94000E-07
   12360.0  2.34000E-07
   12380.0  4.68000E-07
   12400.0  9.68000E-07
   12420.0  7.80000E-08
   12440.0  7.90000E-07
   12460.0  6.10000E-07
   12480.0  3.34000E-07
   12500.0  2.94000E-07
   12520.0  5.84000E-07
   12540.0  6.28000E-07
   12560.0  5.24000E-07
   12580.0  6.00000E-08
   12600.0  2.78000E-07
   12620.0  3.16000E-07
   12640.0  7.26000E-07
   12660.0  8.12000E-07
   12680.0  7.16000E-07
   12700.0  2.98000E-07
   12720.0 -5.20000E-07
   12740.0 -1.88000E-07
   12760.0  8.90000E-07
   12780.0  7.72000E-07
   12800.0  1.22000E-07
   12820.0  6.74000E-07
   12840.0 -2.74000E-07
   12860.0 -4.00000E-08
   12880.0  7.56000E-07
   12900.0  1.11000E-06
   12920.0  7.14000E-07
   12940.0  1.68000E-07
   12960.0 -5.60000E-08
   12980.0  1.78000E-07
   13000.0  1.20000E-08
   13020.0  5.48000E-07
   13040.0  3.38000E-07
   13060.0  6.40000E-08
   13080.0  3.90000E-07
   13100.0  9.00000E-08
   13120.0  2.18000E-07
   13140.0  8.38000E-07
   13160.0  4.46000E-07
   13180.0  8.80000E-08
   13200.0  6.84000E-07
   13220.0  1.32000E-07
   13240.0  7.20000E-08
   13260.0  4.84000E-07
   13280.0  3.68000E-07
   13300.0  3.34000E-07
   13320.0  4.62000E-07
   13340.0  5.40000E-08
   13360.0  3.88000E-07
   13380.0  2.62000E-07
   13400.0  5.20000E-08
   13420.0  3.90000E-07
   13440.0  2.56000E-07
   13460.0  3.56000E-07
   13480.0  4.62000E-07
   13500.0  2.98000E-07
   13520.0  2.58000E-07
   13540.0  3.64000E-07
   13560.0  2.56000E-07
   13580.0 -3.40000E-08
   13600.0  3.82000E-07
   13620.0  7.92000E-07
   13640.0  7.80000E-08
   13660.0 -6.40000E-08
   13680.0  3.02000E-07
   13700.0  6.90000E-07
   13720.0  3.36000E-07
   13740.0  1.40000E-08
   13760.0 -7.80000E-08
   13780.0  2.34000E-07
   13800.0  3.46000E-07
   13820.0 -6.00000E-09
   13840.0 -4.20000E-08
   13860.0  1.18000E-07
   13880.0  5.28000E-07
   13900.0  5.22000E-07
   13920.0  4.52000E-07
   13940.0  9.20000E-08
   13960.0  2.40000E-07
   13980.0  3.20000E-07
   14000.0  2.18000E-07
   14020.0  4.34000E-07
   14040.0  1.02000E-07
   14060.0 -1.60000E-08
   14080.0  1.94000E-07
   14100.0 -1.22000E-07
   14120.0 -2.24000E-07
   14140.0  2.36000E-07
   14160.0  2.32000E-07
   14180.0  2.56000E-07
   14200.0  5.54000E-07
   14220.0  1.64000E-07
   14240.0  7.80000E-08
   14260.0  2.52000E-07
   14280.0  7.56000E-07
   14300.0 -2.52000E-07
   14320.0  3.44000E-07
   14340.0  3.02000E-07
   14360.0  2.70000E-07
   14380.0  7.40000E-08
   14400.0 -1.28000E-07
   14420.0  5.64000E-07
   14440.0 -3.20000E-08
   14460.0 -1.52000E-07
   14480.0 -6.20000E-08
   14500.0 -1.74000E-07
   14520.0  5.18000E-07
   14540.0  3.76000E-07
   14560.0 -2.94000E-07
   14580.0 -3.92000E-07
   14600.0 -1.60000E-07
   14620.0  5.60000E-08
   14640.0  3.06000E-07
   14660.0  1.62000E-07
   14680.0 -1.40000E-08
   14700.0  6.50000E-07
   14720.0  3.44000E-07
   14740.0 -9.80000E-08
   14760.0 -5.92000E-07
   14780.0  1.28000E-07
   14800.0  1.16600E-06
   14820.0  4.38000E-07
   14840.0 -4.40000E-08
   14860.0  5.90000E-07
   14880.0  6.08000E-07
   14900.0  1.03600E-06
   14920.0 -1.74000E-07
   14940.0 -2.96000E-07
   14960.0  2.80000E-08
   14980.0  5.54000E-07
   15000.0  1.34000E-07
   15020.0  4.30000E-07
   15040.0  6.54000E-07
   15060.0  2.42000E-07
   15080.0 -2.90000E-07
   15100.0  1.44000E-07
   15120.0  1.12000E-07
   15140.0  2.54000E-07
   15160.0 -5.40000E-08
   15180.0 -3.80000E-08
   15200.0  6.30000E-07
   15220.0  3.78000E-07
   15240.0 -3.28000E-07
   15260.0 -1.38000E-07
   15280.0 -9.08000E-07
   15300.0 -8.12000E-07
   15320.0  1.19400E-06
   15340.0  1.46000E-07
   15360.0  5.98000E-07
   15380.0  7.10000E-07
   15400.0 -7.40000E-07
   15420.0 -2.88000E-07
   15440.0 -6.00000E-09
   15460.0  2.66000E-07
   15480.0  6.00000E-07
   15500.0  4.02000E-07
   15520.0 -6.82000E-07
   15540.0  1.60000E-07
   15560.0  1.48000E-07
   15580.0 -3.00000E-08
   15600.0  4.64000E-07
   15620.0  3.40000E-08
   15640.0 -3.10000E-07
   15660.0  3.34000E-07
   15680.0  4.46000E-07
   15700.0 -5.20000E-07
   15720.0  5.82000E-07
   15740.0 -3.46000E-07
   15760.0 -2.54000E-07
   15780.0 -1.78000E-07
   15800.0 -1.74000E-07
   15820.0  3.60000E-07
   15840.0 -1.62000E-07
   15860.0 -4.42000E-07
   15880.0  6.16000E-07
   15900.0 -2.88000E-07
   15920.0 -1.28000E-07
   15940.0  3.00000E-08
   15960.0 -4.10000E-07
   15980.0  9.64000E-07
   16000.0  7.60000E-08
   16020.0 -1.09000E-06
   16040.0  1.96000E-07
   16060.0 -5.78000E-07
   16080.0 -7.08000E-07
   16100.0  2.40000E-08
   16120.0 -2.70000E-07
   16140.0 -1.52000E-07
   16160.0 -1.26000E-07
   16180.0  7.80000E-08
   16200.0  1.20000E-07
   16220.0  1.62000E-07
   16240.0  9.20000E-07
   16260.0  8.64000E-07
   16280.0 -3.76000E-07
   16300.0  3.04000E-07
   16320.0 -1.00000E-07
   16340.0 -9.20000E-08
   16360.0 -6.44000E-07
   16380.0 -1.62000E-07
   16400.0  5.54000E-07
   16420.0  1.06000E-07
   16440.0 -1.60000E-07
   16460.0  4.74000E-07
   16480.0 -7.60000E-08
   16500.0 -6.26000E-07
   16520.0  1.32000E-07
   16540.0  5.98000E-07
   16560.0  4.86000E-07
   16580.0  4.98000E-07
   16600.0 -5.42000E-07
   16620.0 -2.28000E-07
   16640.0  5.36000E-07
   16660.0 -5.00000E-08
   16680.0 -6.64000E-07
   16700.0 -7.20000E-08
   16720.0  8.40000E-07
   16740.0  4.60000E-07
   16760.0  1.70000E-07
   16780.0 -2.94000E-07
   16800.0  2.26000E-07
   16820.0 -1.40000E-08
   16840.0 -5.92000E-07
   16860.0 -8.56000E-07
   16880.0 -6.52000E-07
   16900.0  3.62000E-07
   16920.0  2.36000E-07
   16940.0 -5.48000E-07
   16960.0 -8.90000E-07
   16980.0  3.70000E-07
   17000.0  1.46800E-06
   17020.0  4.16000E-07
   17040.0 -2.76000E-07
   17060.0 -8.20000E-08
   17080.0  9.22000E-07
   17100.0 -7.20000E-08
   17120.0 -1.39400E-06
   17140.0  1.36000E-07
   17160.0 -4.80000E-08
   17180.0  6.40000E-08
   17200.0  1.18000E-07
   17220.0 -8.00000E-09
   17240.0 -5.80000E-08
   17260.0  9.24000E-07
   17280.0  7.84000E-07
   17300.0 -8.26000E-07
   17320.0  1.74000E-07
   17340.0 -1.12000E-06
   17360.0 -3.90000E-07
   17380.0 -9.00000E-08
   17400.0  1.22000E-07
   17420.0 -2.12000E-07
   17440.0  3.20000E-07
   17460.0  2.28000E-07
   17480.0  2.82000E-07
   17500.0  1.16800E-06
   17520.0  6.44000E-07
   17540.0 -1.04000E-07
   17560.0 -8.40000E-08
   17580.0 -5.08000E-07
   17600.0 -1.78000E-07
   17620.0 -3.60000E-08
   17640.0 -2.40000E-08
   17660.0  7.58000E-07
   17680.0  4.98000E-07
   17700.0  5.42000E-07
   17720.0  6.46000E-07
   17740.0  7.10000E-07
   17760.0  8.94000E-07
   17780.0  4.24000E-07
   17800.0 -1.18000E-07
   17820.0 -4.48000E-07
   17840.0 -2.20000E-08
   17860.0  7.52000E-07
   17880.0  2.08000E-07
   17900.0 -1.76000E-07
   17920.0 -4.60000E-08
   17940.0  5.00000E-08
   17960.0 -3.34000E-07
   17980.0  3.18000E-07
   18000.0  6.28000E-07
   18020.0 -3.24000E-07
   18040.0  7.46000E-07
   18060.0  3.08000E-07
   18080.0 -6.38000E-07
   18100.0  1.34000E-07
   18120.0  2.94000E-07
   18140.0 -2.04000E-07
   18160.0 -8.80000E-08
   18180.0 -3.64000E-07
   18200.0  2.38000E-07
   18220.0  9.26000E-07
   18240.0  1.30600E-06
   18260.0 -1.60000E-08
   18280.0 -4.22000E-07
   18300.0  1.40000E-07
   18320.0  6.80000E-07
   18340.0 -9.20000E-08
   18360.0 -3.50000E-07
   18380.0 -1.26000E-07
   18400.0 -5.36000E-07
   18420.0 -1.47600E-06
   18440.0 -7.44000E-07
   18460.0 -1.92200E-06
   18480.0  1.29200E-06
   18500.0  3.11400E-06
   18520.0 -1.22400E-06
   18540.0 -3.76000E-07
   18560.0 -1.78000E-07
   18580.0  2.06000E-07
   18600.0  2.19400E-06
   18620.0  9.00000E-08
   18640.0 -2.04800E-06
   18660.0  3.14000E-07
   18680.0  5.40000E-08
   18700.0 -8.68000E-07
   18720.0  9.20000E-08
   18740.0 -1.56000E-07
   18760.0 -1.56800E-06
   18780.0 -1.01200E-06
   18800.0  8.90000E-07
   18820.0 -3.22000E-07
   18840.0  1.81600E-06
   18860.0  1.37000E-06
   18880.0 -4.50000E-07
   18900.0 -1.76600E-06
   18920.0 -1.92400E-06
   18940.0 -3.43600E-06
   18960.0 -1.56000E-07
   18980.0 -2.20000E-08
   19000.0  8.62000E-07
   19020.0  9.28000E-07
   19040.0 -9.42000E-07
   19060.0  1.03800E-06
   19080.0  4.22000E-07
   19100.0  2.00000E-06
   19120.0  1.19200E-06
   19140.0 -8.00000E-07
   19160.0  1.05000E-06
   19180.0  7.60000E-08
   19200.0 -1.73600E-06
   19220.0 -5.38000E-07
   19240.0 -1.42000E-07
   19260.0  1.15000E-06
   19280.0  4.88000E-07
   19300.0  1.74000E-07
   19320.0  3.96000E-07
   19340.0  6.46000E-07
   19360.0  1.03600E-06
   19380.0 -5.80000E-07
   19400.0 -5.12000E-07
   19420.0 -2.02000E-07
   19440.0  6.32000E-07
   19460.0 -6.94000E-07
   19480.0 -6.34000E-07
   19500.0  4.36000E-07
   19520.0  9.36000E-07
   19540.0  1.92000E-07
   19560.0 -2.99400E-06
   19580.0 -1.83600E-06
   19600.0  8.18000E-07
   19620.0  3.33800E-06
   19640.0  5.94000E-07
   19660.0 -1.70800E-06
   19680.0 -2.20000E-07
   19700.0 -4.00000E-09
   19720.0 -6.68000E-07
   19740.0 -1.20600E-06
   19760.0 -6.50000E-07
   19780.0 -1.62000E-07
   19800.0  3.23600E-06
   19820.0 -2.63600E-06
   19840.0  7.30000E-07
   19860.0 -7.00000E-08
   19880.0 -2.64000E-07
   19900.0  1.29000E-06
   19920.0  2.40000E-08
   19940.0 -4.88000E-07
   19960.0 -4.10000E-07
   19980.0  1.58000E-07
   20000.0  6.06000E-07
