-19.943
    1900.0 -1.83880E-05
    1920.0  1.61380E-05
    1940.0  2.24920E-05
    1960.0  2.84920E-05
    1980.0  1.37540E-05
    2000.0  2.83740E-05
    2020.0  3.02760E-05
    2040.0  1.17760E-05
    2060.0  1.72100E-05
    2080.0 -1.57200E-06
    2100.0 -5.18000E-06
    2120.0  1.53600E-06
    2140.0  7.08800E-06
    2160.0 -4.25600E-06
    2180.0  9.92000E-06
    2200.0  7.12400E-06
    2220.0 -2.68000E-06
    2240.0 -7.24000E-07
    2260.0 -7.42000E-06
    2280.0 -6.65400E-06
    2300.0 -4.25000E-06
    2320.0 -4.46000E-06
    2340.0 -5.60200E-06
    2360.0 -9.51800E-06
    2380.0 -8.32400E-06
    2400.0  1.08220E-05
    2420.0  9.40600E-06
    2440.0  9.37600E-06
    2460.0  5.92800E-06
    2480.0  3.38813E-22
    2500.0  2.27000E-06
    2520.0 -2.04000E-06
    2540.0 -1.81000E-06
    2560.0  2.03200E-06
    2580.0  4.96000E-06
    2600.0  3.60000E-06
    2620.0  1.32480E-05
    2640.0  4.03400E-06
    2660.0  8.49800E-06
    2680.0 -1.54080E-05
    2700.0  5.12600E-06
    2720.0  4.23000E-06
    2740.0  3.33800E-06
    2760.0 -7.77600E-06
    2780.0  5.77000E-06
    2800.0 -3.32400E-06
    2820.0 -1.19620E-05
    2840.0 -4.42000E-07
    2860.0 -3.98000E-06
    2880.0  2.65200E-06
    2900.0 -6.84200E-06
    2920.0 -3.75000E-06
    2940.0 -2.64400E-06
    2960.0  0.00000E+00
    2980.0  2.86000E-06
    3000.0  3.07800E-06
    3020.0  1.23040E-05
    3040.0  3.51360E-05
    3060.0  1.62400E-05
    3080.0  1.05260E-05
    3100.0  1.09580E-05
    3120.0  4.38400E-06
    3140.0  2.84600E-06
    3160.0 -1.75200E-06
    3180.0  4.56800E-06
    3200.0  1.08600E-06
    3220.0 -2.82200E-06
    3240.0 -2.17200E-06
    3260.0  3.90400E-06
    3280.0  2.01720E-05
    3300.0  8.02200E-06
    3320.0 -4.11800E-06
    3340.0  7.58600E-06
    3360.0  2.60000E-06
    3380.0  1.49440E-05
    3400.0 -6.50000E-07
    3420.0  5.56320E-05
    3440.0  3.03000E-06
    3460.0  1.66540E-05
    3480.0  2.16000E-07
    3500.0 -1.94400E-06
    3520.0  2.16000E-06
    3540.0  4.44860E-05
    3560.0 -2.59000E-06
    3580.0  8.63600E-06
    3600.0 -4.31600E-06
    3620.0  8.41200E-06
    3640.0 -7.12200E-06
    3660.0  9.92000E-06
    3680.0 -1.78980E-05
    3700.0  1.03480E-05
    3720.0 -1.94200E-06
    3740.0  2.24260E-05
    3760.0 -4.54000E-06
    3780.0  7.09800E-06
    3800.0  3.01200E-06
    3820.0  5.37400E-06
    3840.0  8.62000E-07
    3860.0 -4.51000E-06
    3880.0  4.08000E-06
    3900.0  2.33920E-05
    3920.0 -4.72000E-06
    3940.0  6.43400E-06
    3960.0  2.10020E-05
    3980.0  5.56800E-06
    4000.0  4.06800E-06
    4020.0 -1.96880E-05
    4040.0  1.92500E-05
    4060.0 -7.48600E-06
    4080.0  9.83200E-06
    4100.0  1.92400E-06
    4120.0  7.68800E-06
    4140.0  1.49420E-05
    4160.0  3.63000E-06
    4180.0  1.06600E-06
    4200.0  9.38400E-06
    4220.0  1.70600E-06
    4240.0  7.45800E-06
    4260.0  3.40600E-06
    4280.0  2.98200E-06
    4300.0 -3.40600E-06
    4320.0  1.48880E-05
    4340.0  1.27600E-06
    4360.0  2.12600E-06
    4380.0  6.38000E-07
    4400.0  2.55000E-06
    4420.0  6.57800E-06
    4440.0  4.88000E-06
    4460.0 -4.02800E-06
    4480.0 -2.75800E-06
    4500.0  9.54000E-06
    4520.0 -1.06000E-06
    4540.0  2.11800E-06
    4560.0  5.08600E-06
    4580.0  1.14420E-05
    4600.0  4.44800E-06
    4620.0  1.01640E-05
    4640.0  5.92800E-06
    4660.0  7.62200E-06
    4680.0 -6.13800E-06
    4700.0  1.12160E-05
    4720.0  2.12000E-07
    4740.0  2.03040E-05
    4760.0  2.12000E-07
    4780.0  1.58560E-05
    4800.0  3.80600E-06
    4820.0 -5.92000E-06
    4840.0  5.28600E-06
    4860.0  4.64600E-06
    4880.0 -6.36000E-07
    4900.0 -5.48800E-06
    4920.0  4.21800E-06
    4940.0 -1.30740E-05
    4960.0  3.16400E-06
    4980.0 -2.53000E-06
    5000.0 -2.95000E-06
    5020.0  2.12000E-07
    5040.0  6.74600E-06
    5060.0 -2.95200E-06
    5080.0 -2.52800E-06
    5100.0  8.85800E-06
    5120.0  3.16200E-06
    5140.0 -2.53000E-06
    5160.0  2.95400E-06
    5180.0 -4.22000E-07
    5200.0  7.59800E-06
    5220.0  1.28800E-05
    5240.0  1.11940E-05
    5260.0  6.33800E-06
    5280.0  5.28200E-06
    5300.0 -1.05600E-06
    5320.0 -2.32600E-06
    5340.0  2.74800E-06
    5360.0 -6.34200E-06
    5380.0  4.86200E-06
    5400.0  4.22000E-07
    5420.0  2.53800E-06
    5440.0  4.01800E-06
    5460.0 -1.05800E-06
    5480.0 -2.54000E-06
    5500.0  3.17200E-06
    5520.0  2.32800E-06
    5540.0  5.07800E-06
    5560.0  7.40600E-06
    5580.0  8.04400E-06
    5600.0 -7.40800E-06
    5620.0  6.34000E-07
    5640.0  4.44400E-06
    5660.0  6.36000E-07
    5680.0  1.90800E-06
    5700.0 -1.05800E-06
    5720.0  6.14000E-06
    5740.0  8.47200E-06
    5760.0  6.14600E-06
    5780.0  2.00000E-09
    5800.0 -3.81600E-06
    5820.0  4.45000E-06
    5840.0  5.08800E-06
    5860.0  2.96800E-06
    5880.0 -9.11400E-06
    5900.0 -2.96600E-06
    5920.0  4.66400E-06
    5940.0  8.69200E-06
    5960.0  1.06000E-05
    5980.0  4.45200E-06
    6000.0  1.46320E-05
    6020.0  1.63360E-05
    6040.0 -4.24000E-07
    6060.0 -7.00800E-06
    6080.0 -3.61000E-06
    6100.0  1.65760E-05
    6120.0  1.48820E-05
    6140.0  1.14860E-05
    6160.0  1.53240E-05
    6180.0  1.49000E-06
    6200.0 -2.10000E-07
    6220.0 -6.82000E-06
    6240.0  5.33000E-06
    6260.0  1.21640E-05
    6280.0  3.20200E-06
    6300.0 -2.56600E-06
    6320.0  1.49800E-06
    6340.0  8.56000E-07
    6360.0  1.19840E-05
    6380.0  9.85400E-06
    6400.0  8.57200E-06
    6420.0  9.86600E-06
    6440.0  5.15000E-06
    6460.0  5.36800E-06
    6480.0  1.41880E-05
    6500.0  1.52740E-05
    6520.0  3.66000E-06
    6540.0  3.23200E-06
    6560.0 -6.68600E-06
    6580.0  4.31600E-06
    6600.0  7.34400E-06
    6620.0  8.21600E-06
    6640.0  8.65800E-06
    6660.0  6.50000E-06
    6680.0  5.20200E-06
    6700.0  3.04000E-06
    6720.0  4.34600E-06
    6740.0  2.39400E-06
    6760.0 -4.36000E-07
    6780.0 -1.09000E-06
    6800.0  1.52800E-06
    6820.0  4.37000E-06
    6840.0  7.43600E-06
    6860.0  6.58000E-07
    6880.0  8.76000E-07
    6900.0 -3.07400E-06
    6920.0 -3.29800E-06
    6940.0  1.76400E-06
    6960.0  2.13820E-05
    6980.0  4.06080E-05
    7000.0  5.30200E-06
    7020.0  1.01780E-05
    7040.0  1.99600E-06
    7060.0  1.15340E-05
    7080.0  4.22000E-06
    7100.0  1.80140E-05
    7120.0  1.78200E-06
    7140.0  4.68200E-06
    7160.0  8.92000E-07
    7180.0  1.07300E-05
    7200.0  2.24000E-06
    7220.0  2.91200E-06
    7240.0 -3.36800E-06
    7260.0 -6.74000E-07
    7280.0 -4.94600E-06
    7300.0  7.43400E-06
    7320.0 -7.89600E-06
    7340.0  2.00980E-05
    7360.0 -9.04000E-07
    7380.0  2.49200E-06
    7400.0 -6.34600E-06
    7420.0  5.21800E-06
    7440.0  6.82000E-07
    7460.0  6.14200E-06
    7480.0  5.46600E-06
    7500.0  4.33200E-06
    7520.0  9.12400E-06
    7540.0  3.42600E-06
    7560.0 -1.83000E-06
    7580.0  6.18000E-06
    7600.0  6.18600E-06
    7620.0 -6.88000E-07
    7640.0  4.35800E-06
    7660.0  2.52400E-06
    7680.0  8.96400E-06
    7700.0 -2.30000E-07
    7720.0  4.60400E-06
    7740.0 -6.92000E-07
    7760.0  5.30200E-06
    7780.0 -6.92400E-06
    7800.0  6.00400E-06
    7820.0 -8.08200E-06
    7840.0  2.00000E-09
    7860.0  2.08000E-06
    7880.0  7.63200E-06
    7900.0  9.48600E-06
    7920.0  5.55600E-06
    7940.0  2.61640E-05
    7960.0  1.06540E-05
    7980.0  1.06600E-05
    8000.0 -6.94000E-07
    8010.0  4.62400E-06
    8020.0  7.63200E-06
    8030.0  3.07600E-05
    8040.0  2.77580E-05
    8050.0  3.67860E-05
    8060.0  5.69240E-05
    8070.0  6.80500E-05
    8080.0  8.65920E-05
    8090.0  1.15022E-04
    8100.0  1.56838E-04
    8110.0  1.97160E-04
    8120.0  2.33596E-04
    8130.0  3.07572E-04
    8140.0  4.00430E-04
    8150.0  5.10604E-04
    8160.0  6.67596E-04
    8170.0  8.58096E-04
    8180.0  1.09115E-03
    8190.0  1.40805E-03
    8200.0  1.81608E-03
    8210.0  2.30143E-03
    8220.0  2.94230E-03
    8230.0  3.74509E-03
    8240.0  4.77510E-03
    8250.0  6.06799E-03
    8260.0  7.65974E-03
    8270.0  9.62067E-03
    8280.0  1.20843E-02
    8290.0  1.50927E-02
    8300.0  1.87795E-02
    8310.0  2.32610E-02
    8320.0  2.86331E-02
    8330.0  3.50673E-02
    8340.0  4.26255E-02
    8350.0  5.14894E-02
    8360.0  6.17744E-02
    8370.0  7.35388E-02
    8380.0  8.68134E-02
    8390.0  1.01756E-01
    8400.0  1.18367E-01
    8410.0  1.36594E-01
    8420.0  1.56388E-01
    8430.0  1.77485E-01
    8440.0  1.99834E-01
    8450.0  2.23456E-01
    8460.0  2.47933E-01
    8470.0  2.73044E-01
    8480.0  2.98724E-01
    8490.0  3.24920E-01
    8500.0  3.51436E-01
    8510.0  3.77998E-01
    8520.0  4.04323E-01
    8530.0  4.30265E-01
    8540.0  4.55573E-01
    8550.0  4.80579E-01
    8560.0  5.04754E-01
    8570.0  5.28144E-01
    8580.0  5.50629E-01
    8590.0  5.72494E-01
    8600.0  6.14112E-01
    8610.0  6.37794E-01
    8620.0  6.55795E-01
    8630.0  6.72964E-01
    8640.0  6.89339E-01
    8650.0  7.04969E-01
    8660.0  7.19844E-01
    8670.0  7.33526E-01
    8680.0  7.46708E-01
    8690.0  7.59140E-01
    8700.0  7.70824E-01
    8710.0  7.81548E-01
    8720.0  7.91808E-01
    8730.0  8.01584E-01
    8740.0  8.10713E-01
    8750.0  8.19172E-01
    8760.0  8.27130E-01
    8770.0  8.34748E-01
    8780.0  8.41715E-01
    8790.0  8.48270E-01
    8800.0  8.54416E-01
    8810.0  8.60167E-01
    8820.0  8.65664E-01
    8830.0  8.70746E-01
    8840.0  8.75492E-01
    8850.0  8.79853E-01
    8860.0  8.84226E-01
    8870.0  8.88053E-01
    8880.0  8.91794E-01
    8890.0  8.95348E-01
    8900.0  8.98550E-01
    8910.0  9.01494E-01
    8920.0  9.04504E-01
    8930.0  9.07108E-01
    8940.0  9.09582E-01
    8950.0  9.11813E-01
    8960.0  9.14132E-01
    8970.0  9.16154E-01
    8980.0  9.18134E-01
    8990.0  9.19894E-01
    9000.0  9.21556E-01
    9010.0  9.23231E-01
    9020.0  9.24622E-01
    9030.0  9.26116E-01
    9040.0  9.27357E-01
    9050.0  9.28615E-01
    9060.0  9.29832E-01
    9070.0  9.30945E-01
    9080.0  9.31975E-01
    9090.0  9.32918E-01
    9100.0  9.33857E-01
    9110.0  9.34707E-01
    9120.0  9.35563E-01
    9130.0  9.36336E-01
    9140.0  9.37112E-01
    9150.0  9.37775E-01
    9160.0  9.38463E-01
    9170.0  9.39030E-01
    9180.0  9.39619E-01
    9190.0  9.40216E-01
    9200.0  9.40727E-01
    9210.0  9.41258E-01
    9220.0  9.41699E-01
    9230.0  9.42194E-01
    9240.0  9.42607E-01
    9250.0  9.43044E-01
    9260.0  9.43314E-01
    9270.0  9.43798E-01
    9280.0  9.44089E-01
    9290.0  9.44440E-01
    9300.0  9.44791E-01
    9310.0  9.45063E-01
    9320.0  9.45397E-01
    9330.0  9.45689E-01
    9340.0  9.45941E-01
    9350.0  9.46108E-01
    9360.0  9.46446E-01
    9370.0  9.46632E-01
    9380.0  9.46842E-01
    9390.0  9.46977E-01
    9400.0  9.47200E-01
    9410.0  9.47408E-01
    9420.0  9.47673E-01
    9430.0  9.47838E-01
    9440.0  9.48002E-01
    9450.0  9.48110E-01
    9460.0  9.48296E-01
    9470.0  9.48517E-01
    9480.0  9.48691E-01
    9490.0  9.48800E-01
    9500.0  9.48914E-01
    9510.0  9.49060E-01
    9520.0  9.49166E-01
    9530.0  9.49264E-01
    9540.0  9.49327E-01
    9550.0  9.49461E-01
    9560.0  9.49585E-01
    9570.0  9.49627E-01
    9580.0  9.49698E-01
    9590.0  9.49822E-01
    9600.0  9.49876E-01
    9610.0  9.49956E-01
    9620.0  9.50020E-01
    9630.0  9.50134E-01
    9640.0  9.50220E-01
    9650.0  9.50286E-01
    9660.0  9.50295E-01
    9670.0  9.50388E-01
    9680.0  9.50491E-01
    9690.0  9.50575E-01
    9700.0  9.50653E-01
    9710.0  9.50762E-01
    9720.0  9.50818E-01
    9730.0  9.50860E-01
    9740.0  9.50937E-01
    9750.0  9.51019E-01
    9760.0  9.51097E-01
    9770.0  9.51171E-01
    9780.0  9.51217E-01
    9790.0  9.51270E-01
    9800.0  9.51342E-01
    9810.0  9.51406E-01
    9820.0  9.51474E-01
    9830.0  9.51489E-01
    9840.0  9.51577E-01
    9850.0  9.51625E-01
    9860.0  9.51725E-01
    9870.0  9.51779E-01
    9880.0  9.51785E-01
    9890.0  9.51782E-01
    9900.0  9.51819E-01
    9910.0  9.51896E-01
    9920.0  9.51927E-01
    9930.0  9.51936E-01
    9940.0  9.51984E-01
    9950.0  9.52019E-01
    9960.0  9.52042E-01
    9970.0  9.52109E-01
    9980.0  9.52136E-01
    9990.0  9.52146E-01
   10000.0  9.52202E-01
   10010.0  9.52283E-01
   10020.0  9.52285E-01
   10030.0  9.52282E-01
   10040.0  9.52341E-01
   10050.0  9.52374E-01
   10060.0  9.52438E-01
   10070.0  9.52449E-01
   10080.0  9.52424E-01
   10090.0  9.52482E-01
   10100.0  9.52489E-01
   10110.0  9.52435E-01
   10120.0  9.52481E-01
   10130.0  9.52550E-01
   10140.0  9.52582E-01
   10150.0  9.52600E-01
   10160.0  9.52564E-01
   10170.0  9.52571E-01
   10180.0  9.52631E-01
   10190.0  9.52656E-01
   10200.0  9.52624E-01
   10210.0  9.52675E-01
   10220.0  9.52675E-01
   10230.0  9.52622E-01
   10240.0  9.52666E-01
   10250.0  9.52775E-01
   10260.0  9.52780E-01
   10270.0  9.52766E-01
   10280.0  9.52740E-01
   10290.0  9.52734E-01
   10300.0  9.52799E-01
   10310.0  9.52804E-01
   10320.0  9.52756E-01
   10330.0  9.52736E-01
   10340.0  9.52708E-01
   10350.0  9.52708E-01
   10360.0  9.52705E-01
   10370.0  9.52704E-01
   10380.0  9.52702E-01
   10390.0  9.52684E-01
   10400.0  9.52683E-01
   10410.0  9.52609E-01
   10420.0  9.52660E-01
   10430.0  9.52684E-01
   10440.0  9.52616E-01
   10450.0  9.52581E-01
   10460.0  9.52554E-01
   10470.0  9.52523E-01
   10480.0  9.52513E-01
   10490.0  9.52505E-01
   10500.0  9.52555E-01
   10510.0  9.52518E-01
   10520.0  9.52470E-01
   10530.0  9.52449E-01
   10540.0  9.52449E-01
   10550.0  9.52383E-01
   10560.0  9.52365E-01
   10570.0  9.52393E-01
   10580.0  9.52313E-01
   10590.0  9.52308E-01
   10600.0  9.52244E-01
   10610.0  9.52253E-01
   10620.0  9.52170E-01
   10630.0  9.52096E-01
   10640.0  9.52139E-01
   10650.0  9.52105E-01
   10660.0  9.52055E-01
   10670.0  9.51973E-01
   10680.0  9.51930E-01
   10690.0  9.51934E-01
   10700.0  9.51859E-01
   10710.0  9.51800E-01
   10720.0  9.51739E-01
   10730.0  9.51718E-01
   10740.0  9.51681E-01
   10750.0  9.51623E-01
   10760.0  9.51489E-01
   10770.0  9.51486E-01
   10780.0  9.51403E-01
   10790.0  9.51340E-01
   10800.0  9.51388E-01
   10810.0  9.51272E-01
   10820.0  9.51186E-01
   10830.0  9.51170E-01
   10840.0  9.51104E-01
   10850.0  9.51014E-01
   10860.0  9.50940E-01
   10870.0  9.50857E-01
   10880.0  9.50749E-01
   10890.0  9.50660E-01
   10900.0  9.50664E-01
   10910.0  9.50603E-01
   10920.0  9.50594E-01
   10930.0  9.50353E-01
   10940.0  9.50274E-01
   10950.0  9.50174E-01
   10960.0  9.50051E-01
   10970.0  9.49947E-01
   10980.0  9.49905E-01
   10990.0  9.49887E-01
   11000.0  9.49825E-01
   11020.0  9.49570E-01
   11040.0  9.49358E-01
   11060.0  9.49130E-01
   11080.0  9.48903E-01
   11100.0  9.48735E-01
   11120.0  9.48536E-01
   11140.0  9.48309E-01
   11160.0  9.48042E-01
   11180.0  9.47792E-01
   11200.0  9.47593E-01
   11220.0  9.47275E-01
   11240.0  9.46982E-01
   11260.0  9.46711E-01
   11280.0  9.46468E-01
   11300.0  9.46157E-01
   11320.0  9.45826E-01
   11340.0  9.45462E-01
   11360.0  9.45113E-01
   11380.0  9.44765E-01
   11400.0  9.44486E-01
   11420.0  9.44189E-01
   11440.0  9.43871E-01
   11460.0  9.43457E-01
   11480.0  9.43113E-01
   11500.0  9.42689E-01
   11520.0  9.42311E-01
   11540.0  9.41930E-01
   11560.0  9.41535E-01
   11580.0  9.41105E-01
   11600.0  9.40708E-01
   11620.0  9.40280E-01
   11640.0  9.39876E-01
   11660.0  9.39409E-01
   11680.0  9.39053E-01
   11700.0  9.38493E-01
   11720.0  9.38063E-01
   11740.0  9.37506E-01
   11760.0  9.36932E-01
   11780.0  9.36447E-01
   11800.0  9.35936E-01
   11820.0  9.35438E-01
   11840.0  9.34872E-01
   11860.0  9.34327E-01
   11880.0  9.33823E-01
   11900.0  9.33318E-01
   11920.0  9.32675E-01
   11940.0  9.32068E-01
   11960.0  9.31598E-01
   11980.0  9.31011E-01
   12000.0  9.30393E-01
   12020.0  9.29780E-01
   12040.0  9.29139E-01
   12060.0  9.28558E-01
   12080.0  9.27882E-01
   12100.0  9.27267E-01
   12120.0  9.26649E-01
   12140.0  9.25961E-01
   12160.0  9.25330E-01
   12180.0  9.24587E-01
   12200.0  9.23882E-01
   12220.0  9.23229E-01
   12240.0  9.22584E-01
   12260.0  9.21843E-01
   12280.0  9.21091E-01
   12300.0  9.20454E-01
   12320.0  9.19694E-01
   12340.0  9.18900E-01
   12360.0  9.18221E-01
   12380.0  9.17501E-01
   12400.0  9.16711E-01
   12420.0  9.16001E-01
   12440.0  9.15128E-01
   12460.0  9.14294E-01
   12480.0  9.13511E-01
   12500.0  9.12750E-01
   12520.0  9.11968E-01
   12540.0  9.11212E-01
   12560.0  9.10393E-01
   12580.0  9.09480E-01
   12600.0  9.08651E-01
   12620.0  9.07864E-01
   12640.0  9.06944E-01
   12660.0  9.06159E-01
   12680.0  9.05280E-01
   12700.0  9.04541E-01
   12720.0  9.03599E-01
   12740.0  9.02720E-01
   12760.0  9.01846E-01
   12780.0  9.00929E-01
   12800.0  9.00067E-01
   12820.0  8.99184E-01
   12840.0  8.98299E-01
   12860.0  8.97399E-01
   12880.0  8.96512E-01
   12900.0  8.95645E-01
   12920.0  8.94697E-01
   12940.0  8.93777E-01
   12960.0  8.92833E-01
   12980.0  8.91908E-01
   13000.0  8.91011E-01
   13020.0  8.90051E-01
   13040.0  8.89159E-01
   13060.0  8.88233E-01
   13080.0  8.87243E-01
   13100.0  8.86298E-01
   13120.0  8.85318E-01
   13140.0  8.84385E-01
   13160.0  8.83433E-01
   13180.0  8.82437E-01
   13200.0  8.81335E-01
   13220.0  8.80454E-01
   13240.0  8.79515E-01
   13260.0  8.78484E-01
   13280.0  8.77514E-01
   13300.0  8.76419E-01
   13320.0  8.75402E-01
   13340.0  8.74421E-01
   13360.0  8.73453E-01
   13380.0  8.72488E-01
   13400.0  8.71469E-01
   13420.0  8.70471E-01
   13440.0  8.69472E-01
   13460.0  8.68545E-01
   13480.0  8.67572E-01
   13500.0  8.66508E-01
   13520.0  8.65510E-01
   13540.0  8.64536E-01
   13560.0  8.63529E-01
   13580.0  8.62428E-01
   13600.0  8.61349E-01
   13620.0  8.60318E-01
   13640.0  8.59314E-01
   13660.0  8.58196E-01
   13680.0  8.57124E-01
   13700.0  8.56141E-01
   13720.0  8.55295E-01
   13740.0  8.54370E-01
   13760.0  8.53314E-01
   13780.0  8.52038E-01
   13800.0  8.50746E-01
   13820.0  8.49599E-01
   13840.0  8.48519E-01
   13860.0  8.47402E-01
   13880.0  8.46314E-01
   13900.0  8.44998E-01
   13920.0  8.43586E-01
   13940.0  8.42246E-01
   13960.0  8.40859E-01
   13980.0  8.39374E-01
   14000.0  8.37874E-01
   14020.0  8.36309E-01
   14040.0  8.34867E-01
   14060.0  8.33402E-01
   14080.0  8.31955E-01
   14100.0  8.30567E-01
   14120.0  8.29295E-01
   14140.0  8.28001E-01
   14160.0  8.26699E-01
   14180.0  8.25632E-01
   14200.0  8.24655E-01
   14220.0  8.23773E-01
   14240.0  8.22963E-01
   14260.0  8.22039E-01
   14280.0  8.21107E-01
   14300.0  8.20310E-01
   14320.0  8.19511E-01
   14340.0  8.18613E-01
   14360.0  8.17743E-01
   14380.0  8.16891E-01
   14400.0  8.16134E-01
   14420.0  8.15341E-01
   14440.0  8.14546E-01
   14460.0  8.13620E-01
   14480.0  8.12638E-01
   14500.0  8.11754E-01
   14520.0  8.10835E-01
   14540.0  8.09960E-01
   14560.0  8.09127E-01
   14580.0  8.08177E-01
   14600.0  8.07269E-01
   14620.0  8.06372E-01
   14640.0  8.05385E-01
   14660.0  8.04475E-01
   14680.0  8.03416E-01
   14700.0  8.02519E-01
   14720.0  8.01642E-01
   14740.0  8.00720E-01
   14760.0  7.99820E-01
   14780.0  7.98845E-01
   14800.0  7.97847E-01
   14820.0  7.96894E-01
   14840.0  7.95940E-01
   14860.0  7.95028E-01
   14880.0  7.94059E-01
   14900.0  7.93156E-01
   14920.0  7.92198E-01
   14940.0  7.91244E-01
   14960.0  7.90263E-01
   14980.0  7.89298E-01
   15000.0  7.88277E-01
   15020.0  7.87432E-01
   15040.0  7.86456E-01
   15060.0  7.85450E-01
   15080.0  7.84491E-01
   15100.0  7.83585E-01
   15120.0  7.82590E-01
   15140.0  7.81696E-01
   15160.0  7.80808E-01
   15180.0  7.79838E-01
   15200.0  7.78821E-01
   15220.0  7.77887E-01
   15240.0  7.76830E-01
   15260.0  7.75938E-01
   15280.0  7.75115E-01
   15300.0  7.74141E-01
   15320.0  7.73150E-01
   15340.0  7.72206E-01
   15360.0  7.71303E-01
   15380.0  7.70411E-01
   15400.0  7.69438E-01
   15420.0  7.68467E-01
   15440.0  7.67533E-01
   15460.0  7.66578E-01
   15480.0  7.65511E-01
   15500.0  7.64701E-01
   15520.0  7.63887E-01
   15540.0  7.63094E-01
   15560.0  7.61983E-01
   15580.0  7.61060E-01
   15600.0  7.60215E-01
   15620.0  7.59268E-01
   15640.0  7.58310E-01
   15660.0  7.57296E-01
   15680.0  7.56550E-01
   15700.0  7.55705E-01
   15720.0  7.54663E-01
   15740.0  7.53753E-01
   15760.0  7.52735E-01
   15780.0  7.51996E-01
   15800.0  7.51018E-01
   15820.0  7.50067E-01
   15840.0  7.49143E-01
   15860.0  7.48411E-01
   15880.0  7.47486E-01
   15900.0  7.46477E-01
   15920.0  7.45473E-01
   15940.0  7.44888E-01
   15960.0  7.43945E-01
   15980.0  7.42897E-01
   16000.0  7.42033E-01
   16020.0  7.41189E-01
   16040.0  7.40420E-01
   16060.0  7.39452E-01
   16080.0  7.38524E-01
   16100.0  7.37661E-01
   16120.0  7.36724E-01
   16140.0  7.35869E-01
   16160.0  7.34951E-01
   16180.0  7.33995E-01
   16200.0  7.33309E-01
   16220.0  7.32385E-01
   16240.0  7.31528E-01
   16260.0  7.30774E-01
   16280.0  7.30049E-01
   16300.0  7.28979E-01
   16320.0  7.28150E-01
   16340.0  7.27342E-01
   16360.0  7.26437E-01
   16380.0  7.25595E-01
   16400.0  7.24693E-01
   16420.0  7.23852E-01
   16440.0  7.22896E-01
   16460.0  7.22209E-01
   16480.0  7.21419E-01
   16500.0  7.20678E-01
   16520.0  7.19629E-01
   16540.0  7.18778E-01
   16560.0  7.17887E-01
   16580.0  7.17159E-01
   16600.0  7.16368E-01
   16620.0  7.15660E-01
   16640.0  7.14708E-01
   16660.0  7.13836E-01
   16680.0  7.12982E-01
   16700.0  7.12135E-01
   16720.0  7.11290E-01
   16740.0  7.10514E-01
   16760.0  7.09725E-01
   16780.0  7.08921E-01
   16800.0  7.08039E-01
   16820.0  7.07362E-01
   16840.0  7.06522E-01
   16860.0  7.05749E-01
   16880.0  7.04961E-01
   16900.0  7.04185E-01
   16920.0  7.03365E-01
   16940.0  7.02661E-01
   16960.0  7.01868E-01
   16980.0  7.01025E-01
   17000.0  7.00261E-01
   17020.0  6.99518E-01
   17040.0  6.98831E-01
   17060.0  6.98055E-01
   17080.0  6.97273E-01
   17100.0  6.96506E-01
   17120.0  6.95592E-01
   17140.0  6.95071E-01
   17160.0  6.94262E-01
   17180.0  6.93463E-01
   17200.0  6.92570E-01
   17220.0  6.92029E-01
   17240.0  6.91330E-01
   17260.0  6.90493E-01
   17280.0  6.89753E-01
   17300.0  6.89036E-01
   17320.0  6.88343E-01
   17340.0  6.87652E-01
   17360.0  6.86841E-01
   17380.0  6.86129E-01
   17400.0  6.85417E-01
   17420.0  6.84723E-01
   17440.0  6.83986E-01
   17460.0  6.83219E-01
   17480.0  6.82458E-01
   17500.0  6.81892E-01
   17520.0  6.81189E-01
   17540.0  6.80550E-01
   17560.0  6.79885E-01
   17580.0  6.79184E-01
   17600.0  6.78512E-01
   17620.0  6.77847E-01
   17640.0  6.77163E-01
   17660.0  6.76522E-01
   17680.0  6.75818E-01
   17700.0  6.75120E-01
   17720.0  6.74477E-01
   17740.0  6.73778E-01
   17760.0  6.73090E-01
   17780.0  6.72499E-01
   17800.0  6.71974E-01
   17820.0  6.71338E-01
   17840.0  6.70697E-01
   17860.0  6.70147E-01
   17880.0  6.69562E-01
   17900.0  6.68859E-01
   17920.0  6.68196E-01
   17940.0  6.67626E-01
   17960.0  6.67018E-01
   17980.0  6.66500E-01
   18000.0  6.65996E-01
   18020.0  6.65250E-01
   18040.0  6.64492E-01
   18060.0  6.63941E-01
   18080.0  6.63442E-01
   18100.0  6.62916E-01
   18120.0  6.62357E-01
   18140.0  6.61711E-01
   18160.0  6.61018E-01
   18180.0  6.60380E-01
   18200.0  6.59917E-01
   18220.0  6.59387E-01
   18240.0  6.58759E-01
   18260.0  6.58152E-01
   18280.0  6.57674E-01
   18300.0  6.57340E-01
   18320.0  6.56998E-01
   18340.0  6.56374E-01
   18360.0  6.55402E-01
   18380.0  6.54705E-01
   18400.0  6.54697E-01
   18420.0  6.54431E-01
   18440.0  6.53610E-01
   18460.0  6.52906E-01
   18480.0  6.52459E-01
   18500.0  6.52057E-01
   18520.0  6.51781E-01
   18540.0  6.51233E-01
   18560.0  6.50308E-01
   18580.0  6.49772E-01
   18600.0  6.49750E-01
   18620.0  6.49802E-01
   18640.0  6.49373E-01
   18660.0  6.48597E-01
   18680.0  6.47792E-01
   18700.0  6.47031E-01
   18720.0  6.46436E-01
   18740.0  6.45974E-01
   18760.0  6.45772E-01
   18780.0  6.45388E-01
   18800.0  6.45057E-01
   18820.0  6.44475E-01
   18840.0  6.44146E-01
   18860.0  6.43553E-01
   18880.0  6.42957E-01
   18900.0  6.42558E-01
   18920.0  6.42372E-01
   18940.0  6.41960E-01
   18960.0  6.41469E-01
   18980.0  6.40919E-01
   19000.0  6.40232E-01
   19020.0  6.39586E-01
   19040.0  6.39280E-01
   19060.0  6.38958E-01
   19080.0  6.38321E-01
   19100.0  6.37714E-01
   19120.0  6.37558E-01
   19140.0  6.37160E-01
   19160.0  6.36512E-01
   19180.0  6.36016E-01
   19200.0  6.35557E-01
   19220.0  6.35061E-01
   19240.0  6.34603E-01
   19260.0  6.34042E-01
   19280.0  6.33466E-01
   19300.0  6.33235E-01
   19320.0  6.33060E-01
   19340.0  6.32697E-01
   19360.0  6.32126E-01
   19380.0  6.31681E-01
   19400.0  6.31191E-01
   19420.0  6.31058E-01
   19440.0  6.30841E-01
   19460.0  6.30298E-01
   19480.0  6.29856E-01
   19500.0  6.29294E-01
   19520.0  6.29200E-01
   19540.0  6.28748E-01
   19560.0  6.28375E-01
   19580.0  6.27883E-01
   19600.0  6.27661E-01
   19620.0  6.27190E-01
   19640.0  6.26924E-01
   19660.0  6.26529E-01
   19680.0  6.26075E-01
   19700.0  6.25653E-01
   19720.0  6.25366E-01
   19740.0  6.25061E-01
   19760.0  6.24708E-01
   19780.0  6.24339E-01
   19800.0  6.23914E-01
   19820.0  6.23552E-01
   19840.0  6.23149E-01
   19860.0  6.22787E-01
   19880.0  6.22536E-01
   19900.0  6.22169E-01
   19920.0  6.21868E-01
   19940.0  6.21624E-01
   19960.0  6.21180E-01
   19980.0  6.20877E-01
   20000.0  6.20577E-01
