-16.335
    1900.0  1.79686E-01
    1950.0  1.43564E-01
    2000.0  1.02687E-01
    2050.0  6.74365E-02
    2100.0  4.29933E-02
    2150.0  2.75012E-02
    2200.0  1.80500E-02
    2250.0  1.22557E-02
    2300.0  8.62058E-03
    2350.0  6.26003E-03
    2400.0  4.66290E-03
    2450.0  3.59897E-03
    2500.0  2.81658E-03
    2550.0  2.26216E-03
    2600.0  1.86132E-03
    2650.0  1.54622E-03
    2700.0  1.31052E-03
    2750.0  1.13641E-03
    2800.0  9.57864E-04
    2820.0  9.05436E-04
    2840.0  8.56108E-04
    2860.0  8.11412E-04
    2880.0  7.69836E-04
    2900.0  7.30436E-04
    2920.0  6.93372E-04
    2940.0  6.59318E-04
    2960.0  6.27654E-04
    2980.0  5.98010E-04
    3000.0  5.69762E-04
    3020.0  5.43306E-04
    3040.0  5.18436E-04
    3060.0  4.94056E-04
    3080.0  4.72588E-04
    3100.0  4.51770E-04
    3120.0  4.32434E-04
    3140.0  4.13906E-04
    3160.0  3.96848E-04
    3180.0  3.78478E-04
    3200.0  3.62528E-04
    3220.0  3.48700E-04
    3240.0  3.34980E-04
    3260.0  3.21676E-04
    3280.0  3.09434E-04
    3300.0  2.98114E-04
    3320.0  2.87604E-04
    3340.0  2.76670E-04
    3360.0  2.66758E-04
    3380.0  2.57502E-04
    3400.0  2.48250E-04
    3420.0  2.39630E-04
    3440.0  2.31488E-04
    3460.0  2.23098E-04
    3480.0  2.15324E-04
    3500.0  2.07514E-04
    3520.0  2.00690E-04
    3540.0  1.93594E-04
    3560.0  1.86984E-04
    3580.0  1.80498E-04
    3600.0  1.74394E-04
    3620.0  1.68544E-04
    3640.0  1.62772E-04
    3660.0  1.57594E-04
    3680.0  1.52974E-04
    3700.0  1.48160E-04
    3720.0  1.43982E-04
    3740.0  1.40240E-04
    3760.0  1.36912E-04
    3780.0  1.33086E-04
    3800.0  1.29816E-04
    3820.0  1.26658E-04
    3840.0  1.23344E-04
    3860.0  1.20982E-04
    3880.0  1.17766E-04
    3900.0  1.15060E-04
    3920.0  1.12278E-04
    3940.0  1.09434E-04
    3960.0  1.06930E-04
    3980.0  1.04468E-04
    4000.0  1.01732E-04
    4020.0  9.93920E-05
    4040.0  9.69360E-05
    4060.0  9.48840E-05
    4080.0  9.25140E-05
    4100.0  9.00380E-05
    4120.0  8.81680E-05
    4140.0  8.60500E-05
    4160.0  8.43220E-05
    4180.0  8.24780E-05
    4200.0  8.05020E-05
    4220.0  7.88360E-05
    4240.0  7.71460E-05
    4260.0  7.56520E-05
    4280.0  7.39940E-05
    4300.0  7.23560E-05
    4320.0  7.08440E-05
    4340.0  6.94300E-05
    4360.0  6.80540E-05
    4380.0  6.68100E-05
    4400.0  6.54380E-05
    4420.0  6.42540E-05
    4440.0  6.27960E-05
    4460.0  6.18120E-05
    4480.0  6.06480E-05
    4500.0  5.94520E-05
    4520.0  5.84740E-05
    4540.0  5.74320E-05
    4560.0  5.63420E-05
    4580.0  5.53440E-05
    4600.0  5.43700E-05
    4620.0  5.34900E-05
    4640.0  5.25440E-05
    4660.0  5.16660E-05
    4680.0  5.07920E-05
    4700.0  4.99800E-05
    4720.0  4.90700E-05
    4740.0  4.83120E-05
    4760.0  4.75180E-05
    4780.0  4.67920E-05
    4800.0  4.60520E-05
    4820.0  4.52820E-05
    4840.0  4.46560E-05
    4860.0  4.40120E-05
    4880.0  4.33400E-05
    4900.0  4.27220E-05
    4920.0  4.20420E-05
    4940.0  4.14880E-05
    4960.0  4.08740E-05
    4980.0  4.03140E-05
    5000.0  3.98300E-05
    5020.0  3.91480E-05
    5040.0  3.87200E-05
    5060.0  3.82360E-05
    5080.0  3.76940E-05
    5100.0  3.72000E-05
    5120.0  3.66660E-05
    5140.0  3.63220E-05
    5160.0  3.58220E-05
    5180.0  3.53100E-05
    5200.0  3.48480E-05
    5220.0  3.44400E-05
    5240.0  3.40760E-05
    5260.0  3.36020E-05
    5280.0  3.33660E-05
    5300.0  3.29680E-05
    5320.0  3.24680E-05
    5340.0  3.20360E-05
    5360.0  3.17240E-05
    5380.0  3.14400E-05
    5400.0  3.10460E-05
    5420.0  3.07020E-05
    5440.0  3.03880E-05
    5460.0  3.00960E-05
    5480.0  2.97540E-05
    5500.0  2.94620E-05
    5520.0  2.91880E-05
    5540.0  2.89040E-05
    5560.0  2.85680E-05
    5580.0  2.83120E-05
    5600.0  2.80240E-05
    5620.0  2.78180E-05
    5640.0  2.75960E-05
    5660.0  2.73040E-05
    5680.0  2.70040E-05
    5700.0  2.68340E-05
    5720.0  2.65400E-05
    5740.0  2.63260E-05
    5760.0  2.61500E-05
    5780.0  2.59040E-05
    5800.0  2.56920E-05
    5820.0  2.55600E-05
    5840.0  2.52940E-05
    5860.0  2.50940E-05
    5880.0  2.48960E-05
    5900.0  2.47400E-05
    5920.0  2.46060E-05
    5940.0  2.44140E-05
    5960.0  2.42140E-05
    5980.0  2.39980E-05
    6000.0  2.38760E-05
    6020.0  2.37240E-05
    6040.0  2.36100E-05
    6060.0  2.34860E-05
    6080.0  2.33480E-05
    6100.0  2.31740E-05
    6120.0  2.30000E-05
    6140.0  2.29880E-05
    6160.0  2.28780E-05
    6180.0  2.26760E-05
    6200.0  2.26020E-05
    6220.0  2.25000E-05
    6240.0  2.23820E-05
    6260.0  2.23080E-05
    6280.0  2.21500E-05
    6300.0  2.20200E-05
    6320.0  2.19180E-05
    6340.0  2.19160E-05
    6360.0  2.19220E-05
    6380.0  2.18400E-05
    6400.0  2.17280E-05
    6420.0  2.16340E-05
    6440.0  2.15820E-05
    6460.0  2.14920E-05
    6480.0  2.15080E-05
    6500.0  2.14820E-05
    6520.0  2.14440E-05
    6540.0  2.13760E-05
    6560.0  2.13480E-05
    6580.0  2.13400E-05
    6600.0  2.13040E-05
    6620.0  2.12380E-05
    6640.0  2.12120E-05
    6660.0  2.13100E-05
    6680.0  2.12920E-05
    6700.0  2.13220E-05
    6720.0  2.13960E-05
    6740.0  2.14240E-05
    6760.0  2.14680E-05
    6780.0  2.14620E-05
    6800.0  2.15020E-05
    6820.0  2.15180E-05
    6840.0  2.15860E-05
    6860.0  2.16920E-05
    6880.0  2.17060E-05
    6900.0  2.18100E-05
    6920.0  2.18420E-05
    6940.0  2.19900E-05
    6960.0  2.21980E-05
    6980.0  2.22560E-05
    7000.0  2.23140E-05
    7020.0  2.24660E-05
    7040.0  2.25160E-05
    7060.0  2.27200E-05
    7080.0  2.28780E-05
    7100.0  2.29960E-05
    7120.0  2.31280E-05
    7140.0  2.32760E-05
    7160.0  2.34620E-05
    7180.0  2.36840E-05
    7200.0  2.38580E-05
    7220.0  2.41120E-05
    7240.0  2.43500E-05
    7260.0  2.45900E-05
    7280.0  2.49620E-05
    7300.0  2.50880E-05
    7320.0  2.54680E-05
    7340.0  2.57480E-05
    7360.0  2.60540E-05
    7380.0  2.64200E-05
    7400.0  2.67020E-05
    7420.0  2.72160E-05
    7440.0  2.75000E-05
    7460.0  2.79420E-05
    7480.0  2.82740E-05
    7500.0  2.88440E-05
    7520.0  2.93240E-05
    7540.0  2.99100E-05
    7560.0  3.02660E-05
    7580.0  3.09480E-05
    7600.0  3.14420E-05
    7620.0  3.20540E-05
    7640.0  3.27680E-05
    7660.0  3.32500E-05
    7680.0  3.40280E-05
    7700.0  3.47540E-05
    7720.0  3.54920E-05
    7740.0  3.62660E-05
    7760.0  3.69600E-05
    7780.0  3.78620E-05
    7800.0  3.87400E-05
    7820.0  3.95620E-05
    7840.0  4.02760E-05
    7860.0  4.14800E-05
    7880.0  4.23860E-05
    7900.0  4.32720E-05
    7920.0  4.45840E-05
    7940.0  4.54440E-05
    7960.0  4.65860E-05
    7980.0  4.76120E-05
    8000.0  4.88880E-05
    8020.0  4.99460E-05
    8040.0  5.10420E-05
    8060.0  5.27260E-05
    8080.0  5.34740E-05
    8100.0  5.48400E-05
    8120.0  5.61400E-05
    8140.0  5.72200E-05
    8160.0  5.82600E-05
    8180.0  5.97560E-05
    8200.0  6.09160E-05
    8220.0  6.22480E-05
    8240.0  6.34260E-05
    8260.0  6.46560E-05
    8280.0  6.59620E-05
    8300.0  6.72280E-05
    8320.0  6.82460E-05
    8340.0  6.95820E-05
    8360.0  7.08900E-05
    8380.0  7.14060E-05
    8400.0  7.28140E-05
    8420.0  7.35100E-05
    8440.0  7.47960E-05
    8460.0  7.59080E-05
    8480.0  7.63440E-05
    8500.0  7.76260E-05
    8520.0  7.86980E-05
    8540.0  7.96640E-05
    8560.0  8.04020E-05
    8580.0  8.04500E-05
    8600.0  7.42480E-05
    8620.0  8.17200E-05
    8640.0  8.45300E-05
    8660.0  9.34060E-05
    8680.0  7.70500E-05
    8700.0  8.64120E-05
    8720.0  8.18180E-05
    8740.0  8.65060E-05
    8760.0  8.28820E-05
    8780.0  8.72840E-05
    8800.0  8.63160E-05
    8820.0  8.54000E-05
    8840.0  8.09520E-05
    8860.0  8.22320E-05
    8880.0  8.42160E-05
    8900.0  8.47620E-05
    8920.0  8.29500E-05
    8940.0  8.67840E-05
    8960.0  8.36200E-05
    8980.0  8.59420E-05
    9000.0  8.27740E-05
    9020.0  8.20760E-05
    9040.0  7.89360E-05
    9060.0  8.25520E-05
    9080.0  8.30880E-05
    9100.0  8.48960E-05
    9120.0  7.86100E-05
    9140.0  8.19760E-05
    9160.0  7.74040E-05
    9180.0  8.06060E-05
    9200.0  7.49960E-05
    9220.0  7.76520E-05
    9240.0  8.03820E-05
    9260.0  7.82880E-05
    9280.0  7.33680E-05
    9300.0  7.39920E-05
    9320.0  7.36500E-05
    9340.0  7.81480E-05
    9360.0  7.71780E-05
    9380.0  7.41100E-05
    9400.0  7.20760E-05
    9420.0  7.24440E-05
    9440.0  7.26260E-05
    9460.0  7.15860E-05
    9480.0  7.01220E-05
    9500.0  7.25560E-05
    9520.0  7.15760E-05
    9540.0  6.96700E-05
    9560.0  6.92700E-05
    9580.0  6.89740E-05
    9600.0  6.70640E-05
    9620.0  6.92820E-05
    9640.0  6.65920E-05
    9660.0  6.50120E-05
    9680.0  6.55580E-05
    9700.0  6.70480E-05
    9720.0  6.61480E-05
    9740.0  6.47700E-05
    9760.0  6.26160E-05
    9780.0  6.28920E-05
    9800.0  6.34340E-05
    9820.0  6.35920E-05
    9840.0  6.17740E-05
    9860.0  6.12880E-05
    9880.0  6.14220E-05
    9900.0  6.14300E-05
    9920.0  5.99120E-05
    9940.0  5.88220E-05
    9960.0  5.94660E-05
    9980.0  5.95180E-05
   10000.0  5.86980E-05
   10020.0  5.70240E-05
   10040.0  5.67880E-05
   10060.0  5.80400E-05
   10080.0  5.70960E-05
   10100.0  5.49920E-05
   10120.0  5.51660E-05
   10140.0  5.56040E-05
   10160.0  5.49920E-05
   10180.0  5.50300E-05
   10200.0  5.41340E-05
   10220.0  5.33320E-05
   10240.0  5.18060E-05
   10260.0  5.25560E-05
   10280.0  5.36600E-05
   10300.0  5.21300E-05
   10320.0  5.14120E-05
   10340.0  5.10960E-05
   10360.0  4.96140E-05
   10380.0  5.03280E-05
   10400.0  5.13520E-05
   10420.0  5.03380E-05
   10440.0  4.88020E-05
   10460.0  4.86880E-05
   10480.0  4.88360E-05
   10500.0  4.77000E-05
   10520.0  4.81460E-05
   10540.0  4.80000E-05
   10560.0  4.70880E-05
   10580.0  4.62100E-05
   10600.0  4.67440E-05
   10620.0  4.70520E-05
   10640.0  4.63280E-05
   10660.0  4.54200E-05
   10680.0  4.45440E-05
   10700.0  4.47980E-05
   10720.0  4.50980E-05
   10740.0  4.37760E-05
   10760.0  4.33320E-05
   10780.0  4.39580E-05
   10800.0  4.38100E-05
   10820.0  4.24440E-05
   10840.0  4.26760E-05
   10860.0  4.34060E-05
   10880.0  4.31280E-05
   10900.0  4.24620E-05
   10920.0  4.10200E-05
   10940.0  4.16980E-05
   10960.0  4.21460E-05
   10980.0  4.14780E-05
   11000.0  4.11820E-05
   11020.0  4.04620E-05
   11040.0  3.92180E-05
   11060.0  3.94500E-05
   11080.0  4.02140E-05
   11100.0  3.98320E-05
   11120.0  3.92880E-05
   11140.0  3.89760E-05
   11160.0  3.87860E-05
   11180.0  3.81240E-05
   11200.0  3.83900E-05
   11220.0  3.91920E-05
   11240.0  3.85520E-05
   11260.0  3.81300E-05
   11280.0  3.80520E-05
   11300.0  3.58160E-05
   11320.0  3.45260E-05
   11340.0  3.84360E-05
   11360.0  3.76000E-05
   11380.0  3.59140E-05
   11400.0  3.63200E-05
   11420.0  3.46940E-05
   11440.0  3.45880E-05
   11460.0  3.56820E-05
   11480.0  3.56680E-05
   11500.0  3.54080E-05
   11520.0  3.56060E-05
   11540.0  3.43820E-05
   11560.0  3.34980E-05
   11580.0  3.49560E-05
   11600.0  3.47400E-05
   11620.0  3.39160E-05
   11640.0  3.38460E-05
   11660.0  3.36040E-05
   11680.0  3.36280E-05
   11700.0  3.33060E-05
   11720.0  3.35060E-05
   11740.0  3.30700E-05
   11760.0  3.24980E-05
   11780.0  3.26460E-05
   11800.0  3.27860E-05
   11820.0  3.26740E-05
   11840.0  3.24640E-05
   11860.0  3.37120E-05
   11880.0  3.54940E-05
   11900.0  3.13140E-05
   11920.0  3.17980E-05
   11940.0  3.18380E-05
   11960.0  3.09740E-05
   11980.0  3.02400E-05
   12000.0  3.04680E-05
   12020.0  3.02460E-05
   12040.0  3.13100E-05
   12060.0  3.09780E-05
   12080.0  3.03080E-05
   12100.0  3.01500E-05
   12120.0  3.02200E-05
   12140.0  2.94560E-05
   12160.0  2.99780E-05
   12180.0  2.91340E-05
   12200.0  2.97320E-05
   12220.0  2.91200E-05
   12240.0  2.92560E-05
   12260.0  2.83260E-05
   12280.0  2.80440E-05
   12300.0  2.88980E-05
   12320.0  2.80360E-05
   12340.0  2.86120E-05
   12360.0  2.81140E-05
   12380.0  2.82520E-05
   12400.0  2.82640E-05
   12420.0  2.76000E-05
   12440.0  2.70720E-05
   12460.0  2.78660E-05
   12480.0  2.66760E-05
   12500.0  2.72720E-05
   12520.0  2.76080E-05
   12540.0  2.79320E-05
   12560.0  2.67560E-05
   12580.0  2.69660E-05
   12600.0  2.61880E-05
   12620.0  2.64300E-05
   12640.0  2.71100E-05
   12660.0  2.61520E-05
   12680.0  2.64920E-05
   12700.0  2.68140E-05
   12720.0  2.57860E-05
   12740.0  2.56260E-05
   12760.0  2.58360E-05
   12780.0  2.52520E-05
   12800.0  2.52180E-05
   12820.0  2.50020E-05
   12840.0  2.47460E-05
   12860.0  2.54280E-05
   12880.0  2.47620E-05
   12900.0  2.54400E-05
   12920.0  2.49600E-05
   12940.0  2.45720E-05
   12960.0  2.51220E-05
   12980.0  2.48760E-05
   13000.0  2.41940E-05
   13020.0  2.44540E-05
   13040.0  2.45640E-05
   13060.0  2.47100E-05
   13080.0  2.45300E-05
   13100.0  2.38540E-05
   13120.0  2.41340E-05
   13140.0  2.39140E-05
   13160.0  2.34720E-05
   13180.0  2.38500E-05
   13200.0  2.30260E-05
   13220.0  2.37360E-05
   13240.0  2.41580E-05
   13260.0  2.32460E-05
   13280.0  2.27640E-05
   13300.0  2.30060E-05
   13320.0  2.28080E-05
   13340.0  2.27060E-05
   13360.0  2.30560E-05
   13380.0  2.27920E-05
   13400.0  2.28980E-05
   13420.0  2.28520E-05
   13440.0  2.19120E-05
   13460.0  2.32360E-05
   13480.0  2.31400E-05
   13500.0  2.27760E-05
   13520.0  2.28080E-05
   13540.0  2.39460E-05
   13560.0  2.18820E-05
   13580.0  1.89580E-05
   13600.0  2.07940E-05
   13620.0  2.37360E-05
   13640.0  1.94840E-05
   13660.0  1.79960E-05
   13680.0  2.01240E-05
   13700.0  2.49440E-05
   13720.0  2.91280E-05
   13740.0  2.53880E-05
   13760.0  2.02220E-05
   13780.0  1.53260E-05
   13800.0  1.55460E-05
   13820.0  2.20100E-05
   13840.0  2.37820E-05
   13860.0  2.36300E-05
   13880.0  2.21800E-05
   13900.0  1.91320E-05
   13920.0  1.89900E-05
   13940.0  2.06560E-05
   13960.0  2.01820E-05
   13980.0  1.91080E-05
   14000.0  2.29900E-05
   14020.0  1.98600E-05
   14040.0  1.84760E-05
   14060.0  1.99260E-05
   14080.0  2.10760E-05
   14100.0  1.96260E-05
   14120.0  1.93220E-05
   14140.0  2.07840E-05
   14160.0  1.96200E-05
   14180.0  1.99920E-05
   14200.0  1.97280E-05
   14220.0  1.95860E-05
   14240.0  2.00000E-05
   14260.0  1.97200E-05
   14280.0  1.91360E-05
   14300.0  1.91860E-05
   14320.0  1.98980E-05
   14340.0  1.92360E-05
   14360.0  1.90140E-05
   14380.0  1.87400E-05
   14400.0  1.88840E-05
   14420.0  1.86700E-05
   14440.0  1.94740E-05
   14460.0  1.91940E-05
   14480.0  1.88260E-05
   14500.0  1.91500E-05
   14520.0  1.87640E-05
   14540.0  1.88620E-05
   14560.0  1.93080E-05
   14580.0  1.90000E-05
   14600.0  1.83660E-05
   14620.0  1.85220E-05
   14640.0  1.82720E-05
   14660.0  1.77620E-05
   14680.0  1.76860E-05
   14700.0  1.85200E-05
   14720.0  1.84100E-05
   14740.0  1.82040E-05
   14760.0  1.87060E-05
   14780.0  1.80460E-05
   14800.0  1.80200E-05
   14820.0  1.79680E-05
   14840.0  1.82680E-05
   14860.0  1.76860E-05
   14880.0  1.78360E-05
   14900.0  1.75740E-05
   14920.0  1.78220E-05
   14940.0  1.76300E-05
   14960.0  1.75120E-05
   14980.0  1.74780E-05
   15000.0  1.75380E-05
   15020.0  1.74760E-05
   15040.0  1.79100E-05
   15060.0  1.73500E-05
   15080.0  1.70180E-05
   15100.0  1.74180E-05
   15120.0  1.70980E-05
   15140.0  1.70600E-05
   15160.0  1.70880E-05
   15180.0  1.73540E-05
   15200.0  1.69220E-05
   15220.0  1.70700E-05
   15240.0  1.66500E-05
   15260.0  1.72380E-05
   15280.0  1.72460E-05
   15300.0  1.63680E-05
   15320.0  1.64220E-05
   15340.0  1.67900E-05
   15360.0  1.73560E-05
   15380.0  1.66960E-05
   15400.0  1.67640E-05
   15420.0  1.57020E-05
   15440.0  1.64920E-05
   15460.0  1.69700E-05
   15480.0  1.64980E-05
   15500.0  1.61580E-05
   15520.0  1.64040E-05
   15540.0  1.62120E-05
   15560.0  1.65260E-05
   15580.0  1.68040E-05
   15600.0  1.62560E-05
   15620.0  1.57140E-05
   15640.0  1.60340E-05
   15660.0  1.59020E-05
   15680.0  1.61340E-05
   15700.0  1.58700E-05
   15720.0  1.60200E-05
   15740.0  1.60280E-05
   15760.0  1.56880E-05
   15780.0  1.59200E-05
   15800.0  1.60580E-05
   15820.0  1.53080E-05
   15840.0  1.56860E-05
   15860.0  1.54380E-05
   15880.0  1.54780E-05
   15900.0  1.55540E-05
   15920.0  1.60340E-05
   15940.0  1.50180E-05
   15960.0  1.57640E-05
   15980.0  1.53520E-05
   16000.0  1.55220E-05
   16020.0  1.53060E-05
   16040.0  1.60680E-05
   16060.0  1.51680E-05
   16080.0  1.59380E-05
   16100.0  1.48860E-05
   16120.0  1.55640E-05
   16140.0  1.49800E-05
   16160.0  1.54120E-05
   16180.0  1.44620E-05
   16200.0  1.48060E-05
   16220.0  1.47380E-05
   16240.0  1.53960E-05
   16260.0  1.59540E-05
   16280.0  1.53280E-05
   16300.0  1.45860E-05
   16320.0  1.46980E-05
   16340.0  1.50140E-05
   16360.0  1.47180E-05
   16380.0  1.49760E-05
   16400.0  1.45820E-05
   16420.0  1.44300E-05
   16440.0  1.43960E-05
   16460.0  1.43700E-05
   16480.0  1.45400E-05
   16500.0  1.47320E-05
   16520.0  1.51680E-05
   16540.0  1.47540E-05
   16560.0  1.38860E-05
   16580.0  1.35020E-05
   16600.0  1.35320E-05
   16620.0  1.58500E-05
   16640.0  1.46980E-05
   16660.0  1.43740E-05
   16680.0  1.63900E-05
   16700.0  1.41680E-05
   16720.0  1.43860E-05
   16740.0  1.49180E-05
   16760.0  1.44580E-05
   16780.0  1.37040E-05
   16800.0  1.39520E-05
   16820.0  1.35940E-05
   16840.0  1.42540E-05
   16860.0  1.40680E-05
   16880.0  1.50080E-05
   16900.0  1.46140E-05
   16920.0  1.37180E-05
   16940.0  1.35540E-05
   16960.0  1.37000E-05
   16980.0  1.43260E-05
   17000.0  1.44240E-05
   17020.0  1.43240E-05
   17040.0  1.32380E-05
   17060.0  1.29520E-05
   17080.0  1.38480E-05
   17100.0  1.39560E-05
   17120.0  1.42740E-05
   17140.0  1.37320E-05
   17160.0  1.35420E-05
   17180.0  1.45440E-05
   17200.0  1.38960E-05
   17220.0  1.35780E-05
   17240.0  1.42880E-05
   17260.0  1.39140E-05
   17280.0  1.32700E-05
   17300.0  1.37560E-05
   17320.0  1.30320E-05
   17340.0  1.29400E-05
   17360.0  1.40480E-05
   17380.0  1.36880E-05
   17400.0  1.31720E-05
   17420.0  1.36040E-05
   17440.0  1.34040E-05
   17460.0  1.35300E-05
   17480.0  1.36840E-05
   17500.0  1.32120E-05
   17520.0  1.24600E-05
   17540.0  1.24220E-05
   17560.0  1.27340E-05
   17580.0  1.35200E-05
   17600.0  1.27460E-05
   17620.0  1.35180E-05
   17640.0  1.37080E-05
   17660.0  1.36580E-05
   17680.0  1.38660E-05
   17700.0  1.25000E-05
   17720.0  1.19920E-05
   17740.0  1.19640E-05
   17760.0  1.31880E-05
   17780.0  1.34060E-05
   17800.0  1.32080E-05
   17820.0  1.37360E-05
   17840.0  1.39040E-05
   17860.0  1.27760E-05
   17880.0  1.23120E-05
   17900.0  1.30780E-05
   17920.0  1.24880E-05
   17940.0  1.31360E-05
   17960.0  1.36100E-05
   17980.0  1.26160E-05
   18000.0  1.19500E-05
   18020.0  1.25560E-05
   18040.0  1.31260E-05
   18060.0  1.32980E-05
   18080.0  1.32140E-05
   18100.0  1.26100E-05
   18120.0  1.28620E-05
   18140.0  1.29840E-05
   18160.0  1.07520E-05
   18180.0  1.07160E-05
   18200.0  1.40920E-05
   18220.0  1.31180E-05
   18240.0  1.11820E-05
   18260.0  1.20460E-05
   18280.0  1.44940E-05
   18300.0  1.59240E-05
   18320.0  1.26120E-05
   18340.0  1.00680E-05
   18360.0  1.02560E-05
   18380.0  1.18940E-05
   18400.0  1.63800E-05
   18420.0  1.52660E-05
   18440.0  9.43800E-06
   18460.0  1.05220E-05
   18480.0  1.49080E-05
   18500.0  1.49040E-05
   18520.0  1.34800E-05
   18540.0  9.87200E-06
   18560.0  9.21800E-06
   18580.0  1.28500E-05
   18600.0  1.69060E-05
   18620.0  1.69180E-05
   18640.0  1.26260E-05
   18660.0  9.39800E-06
   18680.0  8.91400E-06
   18700.0  1.02240E-05
   18720.0  1.18400E-05
   18740.0  1.40620E-05
   18760.0  1.36520E-05
   18780.0  1.16640E-05
   18800.0  1.33300E-05
   18820.0  1.42180E-05
   18840.0  1.38340E-05
   18860.0  1.08660E-05
   18880.0  9.59000E-06
   18900.0  1.23900E-05
   18920.0  1.80940E-05
   18940.0  1.31620E-05
   18960.0  1.18680E-05
   18980.0  1.26840E-05
   19000.0  1.09460E-05
   19020.0  9.98600E-06
   19040.0  1.31720E-05
   19060.0  1.57220E-05
   19080.0  1.02800E-05
   19100.0  9.42600E-06
   19120.0  1.36240E-05
   19140.0  1.27640E-05
   19160.0  9.00600E-06
   19180.0  1.30980E-05
   19200.0  1.43260E-05
   19220.0  1.18640E-05
   19240.0  8.95800E-06
   19260.0  1.07580E-05
   19280.0  1.43360E-05
   19300.0  1.42360E-05
   19320.0  1.32980E-05
   19340.0  1.09460E-05
   19360.0  1.14100E-05
   19380.0  1.13360E-05
   19400.0  1.29560E-05
   19420.0  1.10600E-05
   19440.0  1.23980E-05
   19460.0  1.11540E-05
   19480.0  1.21960E-05
   19500.0  1.06100E-05
   19520.0  1.06200E-05
   19540.0  1.19000E-05
   19560.0  1.19300E-05
   19580.0  1.02880E-05
   19600.0  1.26420E-05
   19620.0  1.14200E-05
   19640.0  1.25100E-05
   19660.0  1.14380E-05
   19680.0  1.09500E-05
   19700.0  1.11880E-05
   19720.0  1.18900E-05
   19740.0  1.12760E-05
   19760.0  1.06220E-05
   19780.0  1.11680E-05
   19800.0  1.10120E-05
   19820.0  1.09960E-05
   19840.0  1.08500E-05
   19860.0  1.20560E-05
   19880.0  1.33620E-05
   19900.0  1.04660E-05
   19920.0  1.11540E-05
   19940.0  1.09560E-05
   19960.0  1.19860E-05
   19980.0  9.89200E-06
   20000.0  1.16900E-05
