-19.429
    1900.0 -4.20000E-08
    1920.0 -2.19200E-06
    1940.0 -3.30000E-06
    1960.0 -2.00000E-09
    1980.0  1.37000E-06
    2000.0  4.24000E-07
    2020.0  1.40000E-07
    2040.0  6.32000E-07
    2060.0  4.70000E-07
    2080.0  1.44000E-07
    2100.0  2.68000E-07
    2120.0  2.36000E-07
    2140.0  2.42000E-07
    2160.0  3.36000E-07
    2180.0  2.84000E-07
    2200.0  1.22000E-07
    2220.0  1.42000E-07
    2240.0  3.48000E-07
    2260.0  1.98000E-07
    2280.0  8.90000E-08
    2300.0  1.34000E-07
    2320.0 -7.80000E-08
    2340.0 -8.60000E-08
    2360.0  6.00000E-09
    2380.0  2.02000E-07
    2400.0  1.96000E-07
    2420.0 -1.90000E-08
    2440.0 -6.00000E-09
    2460.0  1.60000E-08
    2480.0 -1.38000E-07
    2500.0 -5.00000E-08
    2520.0  1.05000E-07
    2540.0  4.84000E-07
    2560.0  7.44000E-07
    2580.0  1.02400E-06
    2600.0  1.79400E-06
    2620.0  2.70800E-06
    2640.0  3.84200E-06
    2660.0  5.07000E-06
    2680.0  6.48600E-06
    2700.0  8.06400E-06
    2720.0  9.87400E-06
    2740.0  1.17580E-05
    2760.0  1.36720E-05
    2780.0  1.54640E-05
    2800.0  9.93400E-06
    2810.0  1.74300E-05
    2820.0  2.51360E-05
    2830.0  2.68880E-05
    2840.0  3.32600E-05
    2850.0  3.85340E-05
    2860.0  3.96140E-05
    2870.0  3.14500E-05
    2880.0  3.36400E-05
    2890.0  4.04420E-05
    2900.0  4.10800E-05
    2910.0  8.45300E-05
    2920.0  2.96658E-04
    2930.0  9.47666E-04
    2940.0  2.44658E-03
    2950.0  5.15284E-03
    2960.0  9.41885E-03
    2970.0  1.55613E-02
    2980.0  2.37656E-02
    2990.0  3.39201E-02
    3000.0  4.56851E-02
    3010.0  5.88437E-02
    3020.0  7.36446E-02
    3030.0  9.13893E-02
    3040.0  1.14537E-01
    3050.0  1.46265E-01
    3060.0  1.90490E-01
    3070.0  2.49726E-01
    3080.0  3.22238E-01
    3090.0  3.99508E-01
    3100.0  4.68338E-01
    3110.0  5.18522E-01
    3120.0  5.48713E-01
    3130.0  5.65491E-01
    3140.0  5.77474E-01
    3150.0  5.90136E-01
    3160.0  6.05155E-01
    3170.0  6.21228E-01
    3180.0  6.36870E-01
    3190.0  6.49722E-01
    3200.0  6.59292E-01
    3210.0  6.66670E-01
    3220.0  6.72811E-01
    3230.0  6.78413E-01
    3240.0  6.83960E-01
    3250.0  6.88992E-01
    3260.0  6.92889E-01
    3270.0  6.95097E-01
    3280.0  6.95660E-01
    3290.0  6.94684E-01
    3300.0  6.92475E-01
    3310.0  6.89629E-01
    3320.0  6.86616E-01
    3330.0  6.83722E-01
    3340.0  6.81340E-01
    3350.0  6.79614E-01
    3360.0  6.78678E-01
    3370.0  6.78670E-01
    3380.0  6.79807E-01
    3390.0  6.81899E-01
    3400.0  6.84999E-01
    3410.0  6.88990E-01
    3420.0  6.93238E-01
    3430.0  6.97157E-01
    3440.0  6.99954E-01
    3450.0  7.00554E-01
    3460.0  6.98065E-01
    3470.0  6.91033E-01
    3480.0  6.78675E-01
    3490.0  6.60557E-01
    3500.0  6.36157E-01
    3510.0  6.05952E-01
    3520.0  5.70730E-01
    3530.0  5.31721E-01
    3540.0  4.90468E-01
    3550.0  4.48559E-01
    3560.0  4.07009E-01
    3570.0  3.66664E-01
    3580.0  3.27898E-01
    3590.0  2.91024E-01
    3600.0  2.56317E-01
    3610.0  2.23811E-01
    3620.0  1.93786E-01
    3630.0  1.66293E-01
    3640.0  1.41522E-01
    3650.0  1.19618E-01
    3660.0  1.00606E-01
    3670.0  8.42924E-02
    3680.0  7.04411E-02
    3690.0  5.88463E-02
    3700.0  4.91347E-02
    3710.0  4.10135E-02
    3720.0  3.42208E-02
    3730.0  2.85344E-02
    3740.0  2.37469E-02
    3750.0  1.97101E-02
    3760.0  1.62897E-02
    3770.0  1.33798E-02
    3780.0  1.08499E-02
    3790.0  8.43719E-03
    3800.0  6.60600E-03
    3810.0  5.08500E-03
    3820.0  3.84058E-03
    3830.0  2.80848E-03
    3840.0  2.00082E-03
    3850.0  1.39178E-03
    3860.0  9.24016E-04
    3870.0  5.93466E-04
    3880.0  3.50364E-04
    3890.0  2.12630E-04
    3900.0  1.30132E-04
    3920.0  3.32340E-05
    3940.0  7.81000E-06
    3960.0  1.44000E-06
    3980.0  2.18000E-07
    4000.0  3.20000E-08
    4020.0  1.34000E-07
    4040.0  1.34000E-07
    4060.0  1.39000E-07
    4080.0 -6.00000E-09
    4100.0  7.60000E-08
    4120.0  2.60000E-08
    4140.0 -4.60000E-08
    4160.0 -1.40000E-08
    4180.0 -1.28000E-07
    4200.0 -2.60000E-08
    4220.0  7.00000E-09
    4240.0  3.40000E-08
    4260.0  4.00000E-09
    4280.0  9.00000E-09
    4300.0  5.40000E-08
    4320.0 -5.00000E-08
    4340.0 -7.60000E-08
    4360.0 -8.00000E-08
    4380.0  6.00000E-08
    4400.0  4.40000E-08
    4420.0 -6.00000E-09
    4440.0  1.60000E-08
    4460.0  2.00000E-09
    4480.0  8.40000E-08
    4500.0  4.20000E-08
    4520.0  2.70000E-08
    4540.0 -2.60000E-08
    4560.0  6.20000E-08
    4580.0 -2.40000E-08
    4600.0  2.60000E-08
    4620.0  1.10000E-08
    4640.0  2.90000E-08
    4660.0  2.00000E-09
    4680.0  3.20000E-08
    4700.0 -1.12000E-07
    4720.0  2.70000E-08
    4740.0 -3.60000E-08
    4760.0  2.00000E-08
    4780.0  5.60000E-08
    4800.0  7.60000E-08
    4820.0  1.20000E-08
    4840.0  2.00000E-09
    4860.0 -3.00000E-08
    4880.0  9.40000E-08
    4900.0 -1.20000E-08
    4920.0 -2.20000E-08
    4940.0  1.40000E-08
    4960.0 -1.00000E-08
    4980.0 -1.46000E-07
    5000.0 -6.20000E-08
    5020.0 -6.60000E-08
    5040.0 -9.00000E-08
    5060.0 -1.40000E-07
    5080.0 -9.20000E-08
    5100.0 -8.80000E-08
    5120.0 -1.08000E-07
    5140.0  3.00000E-09
    5160.0  6.60000E-08
    5180.0  1.40000E-08
    5200.0 -5.00000E-09
    5220.0  2.00000E-08
    5240.0 -6.60000E-08
    5260.0 -6.60000E-08
    5280.0 -5.60000E-08
    5300.0 -4.60000E-08
    5320.0  9.20000E-08
    5340.0  5.60000E-08
    5360.0 -5.70000E-08
    5380.0 -1.10000E-07
    5400.0 -4.20000E-08
    5420.0  6.00000E-09
    5440.0  3.40000E-08
    5460.0  7.00000E-08
    5480.0  1.22000E-07
    5500.0  1.42000E-07
    5520.0  4.20000E-08
    5540.0  1.00000E-08
    5560.0  7.20000E-08
    5580.0  8.60000E-08
    5600.0  1.60000E-08
    5620.0  1.80000E-08
    5640.0  1.50000E-07
    5660.0  3.28000E-07
    5680.0  3.00000E-08
    5700.0  2.00000E-09
    5720.0  1.40000E-08
    5740.0  8.40000E-08
    5760.0  2.10000E-08
    5780.0 -3.60000E-08
    5800.0  1.60000E-08
    5820.0  1.60000E-08
    5840.0  4.20000E-08
    5860.0  7.00000E-08
    5880.0  6.60000E-08
    5900.0  7.20000E-08
    5920.0  6.80000E-08
    5940.0  2.00000E-08
    5960.0  7.40000E-08
    5980.0  7.20000E-08
    6000.0  1.30000E-08
    6020.0 -3.00000E-08
    6040.0 -3.60000E-08
    6060.0 -4.40000E-08
    6080.0 -8.00000E-09
    6100.0 -2.40000E-08
    6120.0 -9.00000E-09
    6140.0  2.80000E-08
    6160.0  6.00000E-08
    6180.0  5.20000E-08
    6200.0 -2.00000E-09
    6220.0  1.90000E-08
    6240.0  5.20000E-08
    6260.0  3.40000E-08
    6280.0  5.00000E-08
    6300.0  3.50000E-08
    6320.0 -2.80000E-08
    6340.0  2.80000E-08
    6360.0  8.00000E-08
    6380.0  5.80000E-08
    6400.0 -1.20000E-08
    6420.0 -1.20000E-08
    6440.0  8.00000E-08
    6460.0  1.24000E-07
    6480.0  4.20000E-08
    6500.0  5.70000E-08
    6520.0  8.20000E-08
    6540.0  1.00000E-08
    6560.0 -3.60000E-08
    6580.0  6.20000E-08
    6600.0  1.30000E-07
    6620.0 -3.10000E-08
    6640.0 -6.00000E-09
    6660.0  1.09000E-07
    6680.0  1.72000E-07
    6700.0  4.80000E-07
    6720.0  1.29800E-06
    6740.0  3.05600E-06
    6760.0  6.38400E-06
    6780.0  1.23280E-05
    6800.0  2.22140E-05
    6820.0  3.80720E-05
    6840.0  6.20980E-05
    6860.0  9.76100E-05
    6880.0  1.47224E-04
    6900.0  2.12360E-04
    6920.0  2.92336E-04
    6940.0  3.81962E-04
    6960.0  4.77230E-04
    6980.0  5.73954E-04
    7000.0  6.73548E-04
    7020.0  7.79050E-04
    7040.0  8.94352E-04
    7060.0  1.01873E-03
    7080.0  1.14950E-03
    7100.0  1.27576E-03
    7120.0  1.39127E-03
    7140.0  1.48225E-03
    7160.0  1.54689E-03
    7180.0  1.57993E-03
    7200.0  1.58529E-03
    7220.0  1.56376E-03
    7240.0  1.52189E-03
    7260.0  1.46137E-03
    7280.0  1.38961E-03
    7300.0  1.30474E-03
    7320.0  1.21339E-03
    7340.0  1.11676E-03
    7360.0  1.01836E-03
    7380.0  9.19080E-04
    7400.0  8.22428E-04
    7420.0  7.27958E-04
    7440.0  6.38820E-04
    7460.0  5.54718E-04
    7480.0  4.77866E-04
    7500.0  4.07510E-04
    7520.0  3.44826E-04
    7540.0  2.89442E-04
    7560.0  2.41070E-04
    7580.0  1.99906E-04
    7600.0  1.64804E-04
    7620.0  1.34858E-04
    7640.0  1.10824E-04
    7660.0  9.07800E-05
    7680.0  7.48920E-05
    7700.0  6.11000E-05
    7720.0  5.01000E-05
    7740.0  4.14460E-05
    7760.0  3.42080E-05
    7780.0  2.86260E-05
    7800.0  2.37860E-05
    7820.0  1.99380E-05
    7840.0  1.70200E-05
    7860.0  1.45840E-05
    7880.0  1.23580E-05
    7900.0  1.03640E-05
    7920.0  9.17400E-06
    7940.0  8.09200E-06
    7960.0  7.06800E-06
    7980.0  6.30400E-06
    8000.0  5.46000E-06
    8020.0  5.01200E-06
    8040.0  4.38600E-06
    8060.0  3.63600E-06
    8080.0  3.66000E-06
    8100.0  3.12800E-06
    8120.0  2.95800E-06
    8140.0  2.62800E-06
    8160.0  2.46000E-06
    8180.0  2.31800E-06
    8200.0  1.93600E-06
    8220.0  2.39000E-06
    8240.0  1.91800E-06
    8260.0  1.32800E-06
    8280.0  1.29400E-06
    8300.0  1.24400E-06
    8320.0  8.64000E-07
    8340.0  9.52000E-07
    8360.0  8.52000E-07
    8380.0  7.66000E-07
    8400.0  4.50000E-07
    8420.0  6.76000E-07
    8440.0  6.00000E-07
    8460.0  8.46000E-07
    8480.0  7.44000E-07
    8500.0  4.94000E-07
    8520.0  2.86000E-07
    8540.0  3.98000E-07
    8560.0  7.64000E-07
    8580.0  1.24000E-07
    8600.0  4.00000E-07
    8620.0  1.17000E-06
    8640.0 -8.31000E-06
    8660.0  2.45200E-06
    8680.0  1.20000E-07
    8700.0 -3.00000E-08
    8720.0 -2.02000E-07
    8740.0  4.28000E-06
    8760.0  5.42000E-07
    8780.0  8.74000E-07
    8800.0 -3.84200E-06
    8820.0  1.20800E-06
    8840.0  3.38000E-07
    8860.0  2.50600E-06
    8880.0  2.08000E-07
    8900.0 -1.52800E-06
    8920.0  6.78000E-07
    8940.0  2.94600E-06
    8960.0 -1.32800E-06
    8980.0 -7.20000E-08
    9000.0  1.74000E-06
    9020.0 -2.08800E-06
    9040.0  2.41400E-06
    9060.0 -1.51800E-06
    9080.0 -1.07000E-06
    9100.0  1.31400E-06
    9120.0  2.41400E-06
    9140.0  2.03000E-06
    9160.0 -2.84000E-07
    9180.0  2.64800E-06
    9200.0 -6.54000E-07
    9220.0  3.96000E-07
    9240.0  1.60000E-06
    9260.0  1.06000E-06
    9280.0  6.08000E-07
    9300.0  1.73000E-06
    9320.0  1.33600E-06
    9340.0  9.68000E-07
    9360.0  1.92200E-06
    9380.0  1.30400E-06
    9400.0  6.58000E-07
    9420.0  1.77400E-06
    9440.0  2.09000E-06
    9460.0  1.69800E-06
    9480.0  1.86800E-06
    9500.0  2.28200E-06
    9520.0  2.31600E-06
    9540.0  2.62000E-06
    9560.0  1.97800E-06
    9580.0  3.64200E-06
    9600.0  3.23400E-06
    9620.0  3.88600E-06
    9640.0  4.06400E-06
    9660.0  4.85600E-06
    9680.0  4.40400E-06
    9700.0  5.99000E-06
    9720.0  6.81800E-06
    9740.0  7.20400E-06
    9760.0  7.77400E-06
    9780.0  8.86200E-06
    9800.0  9.86800E-06
    9820.0  1.06080E-05
    9840.0  1.15160E-05
    9860.0  1.22180E-05
    9880.0  1.29000E-05
    9900.0  1.46980E-05
    9920.0  1.65640E-05
    9940.0  1.88260E-05
    9960.0  2.07080E-05
    9980.0  2.12120E-05
   10000.0  2.32720E-05
   10020.0  2.65780E-05
   10040.0  2.86640E-05
   10060.0  2.90660E-05
   10080.0  3.08500E-05
   10100.0  3.54120E-05
   10120.0  3.92580E-05
   10140.0  4.16020E-05
   10160.0  4.29520E-05
   10180.0  4.56780E-05
   10200.0  5.03000E-05
   10220.0  5.52780E-05
   10240.0  5.84840E-05
   10260.0  5.99980E-05
   10280.0  6.39680E-05
   10300.0  6.88800E-05
   10320.0  7.37140E-05
   10340.0  8.02640E-05
   10360.0  8.42620E-05
   10380.0  8.80580E-05
   10400.0  9.01000E-05
   10420.0  9.32900E-05
   10440.0  1.02182E-04
   10460.0  1.09772E-04
   10480.0  1.13468E-04
   10500.0  1.14862E-04
   10520.0  1.21856E-04
   10540.0  1.30440E-04
   10560.0  1.33790E-04
   10580.0  1.34834E-04
   10600.0  1.42410E-04
   10620.0  1.49534E-04
   10640.0  1.52666E-04
   10660.0  1.53140E-04
   10680.0  1.61080E-04
   10700.0  1.68860E-04
   10720.0  1.72656E-04
   10740.0  1.73864E-04
   10760.0  1.72978E-04
   10780.0  1.78148E-04
   10800.0  1.82240E-04
   10820.0  1.80710E-04
   10840.0  1.86112E-04
   10860.0  1.88722E-04
   10880.0  1.88384E-04
   10900.0  1.83896E-04
   10920.0  1.88862E-04
   10940.0  1.91026E-04
   10960.0  1.89482E-04
   10980.0  1.87408E-04
   11000.0  1.83700E-04
   11020.0  1.76570E-04
   11040.0  1.78806E-04
   11060.0  1.77830E-04
   11080.0  1.75254E-04
   11100.0  1.70728E-04
   11120.0  1.67592E-04
   11140.0  1.65272E-04
   11160.0  1.55880E-04
   11180.0  1.46570E-04
   11200.0  1.37704E-04
   11220.0  1.35968E-04
   11240.0  1.37440E-04
   11260.0  1.33044E-04
   11280.0  1.31468E-04
   11300.0  1.16594E-04
   11320.0  1.07446E-04
   11340.0  1.12798E-04
   11360.0  1.04712E-04
   11380.0  9.70300E-05
   11400.0  9.06040E-05
   11420.0  8.21580E-05
   11440.0  8.23140E-05
   11460.0  7.85760E-05
   11480.0  7.35320E-05
   11500.0  6.85460E-05
   11520.0  6.48840E-05
   11540.0  5.93120E-05
   11560.0  5.37480E-05
   11580.0  5.27680E-05
   11600.0  4.92020E-05
   11620.0  4.51660E-05
   11640.0  4.23780E-05
   11660.0  3.96920E-05
   11680.0  3.67420E-05
   11700.0  3.38920E-05
   11720.0  3.17160E-05
   11740.0  2.87860E-05
   11760.0  2.67740E-05
   11780.0  2.52380E-05
   11800.0  2.30160E-05
   11820.0  2.14500E-05
   11840.0  2.02580E-05
   11860.0  1.87840E-05
   11880.0  1.84020E-05
   11900.0  1.46640E-05
   11920.0  1.41520E-05
   11940.0  1.28780E-05
   11960.0  1.16560E-05
   11980.0  1.08760E-05
   12000.0  1.01000E-05
   12020.0  8.94800E-06
   12040.0  9.02600E-06
   12060.0  8.33800E-06
   12080.0  7.72600E-06
   12100.0  6.69800E-06
   12120.0  6.01400E-06
   12140.0  5.52200E-06
   12160.0  5.67600E-06
   12180.0  4.37800E-06
   12200.0  4.28000E-06
   12220.0  4.08400E-06
   12240.0  3.44000E-06
   12260.0  3.77600E-06
   12280.0  2.22800E-06
   12300.0  2.60600E-06
   12320.0  3.20400E-06
   12340.0  2.29200E-06
   12360.0  2.51600E-06
   12380.0  1.97800E-06
   12400.0  1.22600E-06
   12420.0  1.46200E-06
   12440.0  1.93000E-06
   12460.0  2.54600E-06
   12480.0  1.32200E-06
   12500.0  2.01600E-06
   12520.0  2.34000E-07
   12540.0  1.06800E-06
   12560.0  1.06800E-06
   12580.0  1.24600E-06
   12600.0  1.06600E-06
   12620.0  1.43000E-06
   12640.0  8.84000E-07
   12660.0  5.60000E-07
   12680.0  1.16000E-07
   12700.0  7.58000E-07
   12720.0  5.28000E-07
   12740.0  4.12000E-07
   12760.0  4.60000E-07
   12780.0  3.22000E-07
   12800.0  5.82000E-07
   12820.0  7.64000E-07
   12840.0  3.10000E-07
   12860.0  4.80000E-08
   12880.0  4.28000E-07
   12900.0  6.16000E-07
   12920.0  2.88000E-07
   12940.0  2.68000E-07
   12960.0 -2.00000E-08
   12980.0  4.60000E-07
   13000.0  1.92000E-07
   13020.0  1.64000E-07
   13040.0  1.00000E-07
   13060.0  2.10000E-07
   13080.0  1.54000E-07
   13100.0 -7.20000E-08
   13120.0  6.40000E-08
   13140.0  2.56000E-07
   13160.0  1.66000E-07
   13180.0  1.29600E-06
   13200.0  2.18000E-07
   13220.0 -5.84000E-07
   13240.0  2.12000E-07
   13260.0  7.28000E-07
   13280.0  6.68000E-07
   13300.0 -3.86000E-07
   13320.0 -3.40000E-07
   13340.0 -1.12000E-07
   13360.0  1.10000E-08
   13380.0  6.28000E-07
   13400.0  3.38000E-07
   13420.0  1.38000E-07
   13440.0  4.82000E-07
   13460.0  1.76000E-07
   13480.0  2.04000E-07
   13500.0  4.88000E-07
   13520.0  2.80000E-07
   13540.0 -4.44000E-07
   13560.0 -2.00000E-09
   13580.0  5.40000E-08
   13600.0 -1.84000E-07
   13620.0 -2.36000E-07
   13640.0 -4.00000E-08
   13660.0 -4.96000E-07
   13680.0 -5.98000E-07
   13700.0  6.52000E-07
   13720.0  1.02800E-06
   13740.0  6.94000E-07
   13760.0  2.56000E-07
   13780.0 -1.73000E-07
   13800.0 -6.50000E-07
   13820.0  2.60000E-08
   13840.0  1.03000E-06
   13860.0  1.38600E-06
   13880.0 -1.14000E-07
   13900.0 -5.68000E-07
   13920.0 -2.00000E-07
   13940.0 -1.10000E-07
   13960.0  3.60000E-07
   13980.0  8.90000E-07
   14000.0 -3.20000E-07
   14020.0 -3.44000E-07
   14040.0  2.92000E-07
   14060.0  6.60000E-08
   14080.0 -8.40000E-08
   14100.0 -5.80000E-08
   14120.0  2.56000E-07
   14140.0  8.62000E-07
   14160.0 -3.80000E-08
   14180.0 -1.16400E-06
   14200.0 -2.80000E-07
   14220.0  8.98000E-07
   14240.0  6.26000E-07
   14260.0  3.46000E-07
   14280.0 -5.12000E-07
   14300.0 -4.94000E-07
   14320.0 -1.20000E-07
   14340.0 -9.40000E-08
   14360.0  2.34000E-07
   14380.0  8.50000E-07
   14400.0  7.22000E-07
   14420.0 -3.70000E-07
   14440.0 -4.94000E-07
   14460.0 -1.02000E-07
   14480.0  1.86000E-07
   14500.0  6.80000E-08
   14520.0  1.44000E-07
   14540.0 -1.54000E-07
   14560.0 -3.58000E-07
   14580.0 -3.62000E-07
   14600.0 -2.06000E-07
   14620.0  3.14000E-07
   14640.0  1.04000E-06
   14660.0  9.54000E-07
   14680.0 -6.16000E-07
   14700.0 -3.88000E-07
   14720.0 -1.40000E-07
   14740.0 -8.40000E-08
   14760.0  6.76000E-07
   14780.0 -2.94000E-07
   14800.0 -3.96000E-07
   14820.0  2.22000E-07
   14840.0  4.00000E-08
   14860.0 -8.00000E-09
   14880.0  2.60000E-08
   14900.0  3.84000E-07
   14920.0  3.12000E-07
   14940.0 -3.34000E-07
   14960.0 -3.58000E-07
   14980.0  5.00000E-08
   15000.0  3.22000E-07
   15020.0  3.78000E-07
   15040.0  8.70000E-07
   15060.0  7.70000E-07
   15080.0 -3.28000E-07
   15100.0 -2.06000E-07
   15120.0  3.60000E-08
   15140.0 -7.28000E-07
   15160.0 -6.00000E-08
   15180.0  5.72000E-07
   15200.0  2.34000E-07
   15220.0  4.40000E-07
   15240.0  3.16000E-07
   15260.0 -3.66000E-07
   15280.0  4.00000E-09
   15300.0  1.00000E-06
   15320.0  7.78000E-07
   15340.0  1.53400E-06
   15360.0  1.08600E-06
   15380.0 -8.46000E-07
   15400.0 -5.84000E-07
   15420.0  9.90000E-07
   15440.0  2.06200E-06
   15460.0 -1.14000E-07
   15480.0 -5.20000E-07
   15500.0  3.12000E-07
   15520.0  3.42000E-07
   15540.0 -1.43800E-06
   15560.0  3.16000E-07
   15580.0  5.88000E-07
   15600.0 -1.92000E-07
   15620.0  2.58000E-07
   15640.0  1.01000E-06
   15660.0 -6.40000E-08
   15680.0  1.92000E-07
   15700.0  8.70000E-07
   15720.0  2.28000E-07
   15740.0  3.22000E-07
   15760.0 -5.64000E-07
   15780.0  4.38000E-07
   15800.0 -4.76000E-07
   15820.0 -1.20000E-08
   15840.0  1.04400E-06
   15860.0 -4.62000E-07
   15880.0 -9.20000E-08
   15900.0  3.11000E-07
   15920.0  1.46000E-07
   15940.0 -1.24000E-07
   15960.0  2.00000E-09
   15980.0  1.94000E-07
   16000.0  9.06000E-07
   16020.0  1.70000E-07
   16040.0  8.02000E-07
   16060.0  5.00000E-08
   16080.0  1.54000E-07
   16100.0  1.03000E-06
   16120.0 -1.80000E-08
   16140.0  1.46200E-06
   16160.0  1.30600E-06
   16180.0  8.94000E-07
   16200.0  2.40000E-07
   16220.0  1.02600E-06
   16240.0  1.07400E-06
   16260.0 -3.94000E-07
   16280.0  2.66000E-07
   16300.0  3.40000E-07
   16320.0  7.32000E-07
   16340.0  6.84000E-07
   16360.0  1.74000E-07
   16380.0  2.03600E-06
   16400.0  1.12000E-07
   16420.0  3.96000E-07
   16440.0  9.22000E-07
   16460.0  7.80000E-07
   16480.0  8.04000E-07
   16500.0 -6.38000E-07
   16520.0  3.00000E-07
   16540.0  4.76000E-07
   16560.0  1.06400E-06
   16580.0  1.26800E-06
   16600.0  1.06200E-06
   16620.0 -1.46200E-06
   16640.0  5.82000E-07
   16660.0  1.90000E-07
   16680.0  1.85800E-06
   16700.0  2.01400E-06
   16720.0  1.18800E-06
   16740.0  6.04000E-07
   16760.0  1.08200E-06
   16780.0  5.90000E-07
   16800.0  4.26000E-07
   16820.0  2.24000E-07
   16840.0  1.56400E-06
   16860.0  9.34000E-07
   16880.0  1.77000E-06
   16900.0  9.06000E-07
   16920.0  8.78000E-07
   16940.0  1.55600E-06
   16960.0  7.86000E-07
   16980.0  1.02000E-07
   17000.0  1.08000E-06
   17020.0  7.92000E-07
   17040.0  1.00200E-06
   17060.0 -3.64000E-07
   17080.0  8.68000E-07
   17100.0  1.61200E-06
   17120.0  9.16000E-07
   17140.0  2.20000E-07
   17160.0  1.05200E-06
   17180.0  2.49800E-06
   17200.0  1.33600E-06
   17220.0  1.25200E-06
   17240.0  1.50400E-06
   17260.0  1.17000E-06
   17280.0  6.68000E-07
   17300.0  2.36000E-07
   17320.0  2.20600E-06
   17340.0  1.12800E-06
   17360.0  1.22000E-06
   17380.0  1.37800E-06
   17400.0  1.63600E-06
   17420.0  2.01200E-06
   17440.0  6.40000E-07
   17460.0  1.88000E-07
   17480.0  1.02000E-06
   17500.0  9.70000E-07
   17520.0  1.11600E-06
   17540.0  9.72000E-07
   17560.0  7.86000E-07
   17580.0 -2.16000E-07
   17600.0  4.94000E-07
   17620.0  9.82000E-07
   17640.0  7.38000E-07
   17660.0  3.40000E-07
   17680.0  1.53200E-06
   17700.0  1.53200E-06
   17720.0  9.54000E-07
   17740.0  1.11600E-06
   17760.0  1.11600E-06
   17780.0  1.44800E-06
   17800.0 -2.26000E-07
   17820.0  1.74000E-07
   17840.0  1.65200E-06
   17860.0  1.76200E-06
   17880.0  8.42000E-07
   17900.0  1.48400E-06
   17920.0  1.59600E-06
   17940.0  1.16200E-06
   17960.0  5.66000E-07
   17980.0 -3.20000E-08
   18000.0  8.02000E-07
   18020.0  1.50200E-06
   18040.0  1.92400E-06
   18060.0  8.08000E-07
   18080.0 -2.16000E-07
   18100.0 -7.22000E-07
   18120.0  3.04600E-06
   18140.0  3.69400E-06
   18160.0  3.40000E-08
   18180.0 -8.58000E-07
   18200.0  1.22200E-06
   18220.0  1.52600E-06
   18240.0  5.66000E-07
   18260.0  1.33600E-06
   18280.0  1.74800E-06
   18300.0 -1.16000E-07
   18320.0 -2.62000E-07
   18340.0  1.46000E-06
   18360.0  1.02400E-06
   18380.0  6.80000E-07
   18400.0  8.46000E-07
   18420.0  9.48000E-07
   18440.0  1.21400E-06
   18460.0  3.68000E-07
   18480.0  1.71600E-06
   18500.0  2.32600E-06
   18520.0  3.00000E-06
   18540.0  1.00400E-06
   18560.0 -4.62000E-07
   18580.0  3.40000E-07
   18600.0  2.53800E-06
   18620.0  2.15100E-06
   18640.0  1.22000E-06
   18660.0  1.42600E-06
   18680.0  1.05000E-06
   18700.0  1.51800E-06
   18720.0 -1.12000E-07
   18740.0  1.24200E-06
   18760.0  1.67200E-06
   18780.0  1.65800E-06
   18800.0  1.71000E-06
   18820.0  1.64000E-06
   18840.0  2.52200E-06
   18860.0  3.42800E-06
   18880.0  1.50000E-06
   18900.0  7.68000E-07
   18920.0  1.55800E-06
   18940.0  3.90000E-07
   18960.0  3.96000E-07
   18980.0  2.21200E-06
   19000.0  9.78000E-07
   19020.0  8.38000E-07
   19040.0  1.21400E-06
   19060.0  3.83800E-06
   19080.0  1.96400E-06
   19100.0  2.10000E-06
   19120.0  2.78800E-06
   19140.0  4.56000E-06
   19160.0 -2.40000E-08
   19180.0  1.34000E-06
   19200.0  7.02000E-07
   19220.0  4.44600E-06
   19240.0  6.88000E-07
   19260.0  3.58400E-06
   19280.0  4.85600E-06
   19300.0  4.54800E-06
   19320.0  2.10000E-06
   19340.0  4.13600E-06
   19360.0  2.60000E-06
   19380.0  2.78200E-06
   19400.0  2.08600E-06
   19420.0  1.56600E-06
   19440.0  3.88200E-06
   19460.0  4.21400E-06
   19480.0  3.30800E-06
   19500.0  3.33000E-06
   19520.0  2.00400E-06
   19540.0  6.81600E-06
   19560.0  4.44200E-06
   19580.0  2.04400E-06
   19600.0  4.82600E-06
   19620.0  3.89400E-06
   19640.0  4.32600E-06
   19660.0  3.36200E-06
   19680.0  4.33000E-06
   19700.0  4.15000E-06
   19720.0  4.34000E-06
   19740.0  5.51800E-06
   19760.0  5.92200E-06
   19780.0  4.96200E-06
   19800.0  2.70600E-06
   19820.0  5.03400E-06
   19840.0  6.21600E-06
   19860.0  5.02000E-06
   19880.0  5.04000E-06
   19900.0  6.50600E-06
   19920.0  5.40800E-06
   19940.0  6.35000E-06
   19960.0  3.03000E-06
   19980.0  7.45000E-06
   20000.0  6.54000E-06
