-21.987
    1900.0 -1.80600E-06
    1920.0 -2.47600E-06
    1940.0  5.48400E-06
    1960.0  3.23600E-06
    1980.0  1.11200E-06
    2000.0  1.76400E-06
    2020.0  1.60200E-06
    2040.0  1.78800E-06
    2060.0  1.22200E-06
    2080.0  1.18800E-06
    2100.0  1.07200E-06
    2120.0  8.68000E-07
    2140.0  1.04800E-06
    2160.0  6.14000E-07
    2180.0  4.84000E-07
    2200.0  5.82000E-07
    2220.0  4.84000E-07
    2240.0  5.88000E-07
    2260.0  5.46000E-07
    2280.0  4.34000E-07
    2300.0  4.60000E-07
    2320.0  4.26000E-07
    2340.0  5.52000E-07
    2360.0  3.78000E-07
    2380.0  4.32000E-07
    2400.0  5.88000E-07
    2420.0  5.04000E-07
    2440.0  4.38000E-07
    2460.0  2.60000E-07
    2480.0  1.54000E-07
    2500.0  2.72000E-07
    2520.0  3.20000E-07
    2540.0  3.76000E-07
    2560.0  2.70000E-07
    2580.0  2.74000E-07
    2600.0  2.16000E-07
    2620.0  1.84000E-07
    2640.0  2.76000E-07
    2660.0  2.54000E-07
    2680.0  1.36000E-07
    2700.0  2.40000E-07
    2720.0  2.30000E-07
    2740.0  2.08000E-07
    2760.0  1.37000E-07
    2780.0  2.18000E-07
    2800.0  2.98000E-07
    2820.0  1.98000E-07
    2840.0  2.86000E-07
    2860.0  2.60000E-07
    2880.0  2.24000E-07
    2900.0  3.48000E-07
    2920.0  1.64000E-07
    2940.0  2.30000E-07
    2960.0  1.50000E-07
    2980.0  2.64000E-07
    3000.0  3.56000E-07
    3020.0  3.62000E-07
    3040.0  3.32000E-07
    3060.0  2.58000E-07
    3080.0  3.04000E-07
    3100.0  3.62000E-07
    3120.0  2.62000E-07
    3140.0  4.12000E-07
    3160.0  2.98000E-07
    3180.0  2.24000E-07
    3200.0  3.00000E-07
    3220.0  2.52000E-07
    3240.0  2.18000E-07
    3260.0  2.22000E-07
    3280.0  3.58000E-07
    3300.0  3.98000E-07
    3320.0  2.86000E-07
    3340.0  2.43000E-07
    3360.0  2.46000E-07
    3380.0  3.02000E-07
    3400.0  3.36000E-07
    3420.0  4.74000E-07
    3440.0  3.62000E-07
    3460.0  3.86000E-07
    3480.0  3.02200E-06
    3500.0  2.14000E-05
    3510.0  2.26760E-05
    3520.0  6.80100E-05
    3530.0  1.28536E-04
    3540.0  2.64494E-04
    3550.0  5.25254E-04
    3560.0  1.07931E-03
    3570.0  1.97534E-03
    3580.0  3.46490E-03
    3590.0  5.70364E-03
    3600.0  8.89959E-03
    3610.0  1.32803E-02
    3620.0  1.89915E-02
    3630.0  2.62481E-02
    3640.0  3.52966E-02
    3650.0  4.62922E-02
    3660.0  5.94849E-02
    3670.0  7.50472E-02
    3680.0  9.29515E-02
    3690.0  1.13021E-01
    3700.0  1.34804E-01
    3710.0  1.57854E-01
    3720.0  1.81287E-01
    3730.0  2.04602E-01
    3740.0  2.27095E-01
    3750.0  2.48451E-01
    3760.0  2.68970E-01
    3770.0  2.88558E-01
    3780.0  3.08434E-01
    3790.0  3.30472E-01
    3800.0  3.50936E-01
    3810.0  3.72402E-01
    3820.0  3.94905E-01
    3830.0  4.18664E-01
    3840.0  4.43199E-01
    3850.0  4.68370E-01
    3860.0  4.93645E-01
    3870.0  5.18467E-01
    3880.0  5.42442E-01
    3890.0  5.64924E-01
    3900.0  5.85633E-01
    3910.0  6.04215E-01
    3920.0  6.20758E-01
    3930.0  6.35327E-01
    3940.0  6.48087E-01
    3950.0  6.59272E-01
    3960.0  6.69271E-01
    3970.0  6.78809E-01
    3980.0  6.88039E-01
    3990.0  6.97052E-01
    4000.0  7.06387E-01
    4010.0  7.16000E-01
    4020.0  7.26028E-01
    4030.0  7.36407E-01
    4040.0  7.46991E-01
    4050.0  7.57571E-01
    4060.0  7.68008E-01
    4070.0  7.78184E-01
    4080.0  7.87773E-01
    4090.0  7.96426E-01
    4100.0  8.03905E-01
    4110.0  8.10383E-01
    4120.0  8.15752E-01
    4130.0  8.19818E-01
    4140.0  8.22732E-01
    4150.0  8.24539E-01
    4160.0  8.25627E-01
    4170.0  8.26026E-01
    4180.0  8.26123E-01
    4190.0  8.25961E-01
    4200.0  8.26014E-01
    4210.0  8.26480E-01
    4220.0  8.27485E-01
    4230.0  8.29294E-01
    4240.0  8.31877E-01
    4250.0  8.35403E-01
    4260.0  8.39923E-01
    4270.0  8.45401E-01
    4280.0  8.51502E-01
    4290.0  8.58170E-01
    4300.0  8.65423E-01
    4310.0  8.72889E-01
    4320.0  8.80246E-01
    4330.0  8.87069E-01
    4340.0  8.93112E-01
    4350.0  8.98223E-01
    4360.0  9.02051E-01
    4370.0  9.04412E-01
    4380.0  9.05163E-01
    4390.0  9.04313E-01
    4400.0  9.01843E-01
    4410.0  8.98049E-01
    4420.0  8.93076E-01
    4430.0  8.87136E-01
    4440.0  8.80678E-01
    4450.0  8.74068E-01
    4460.0  8.67581E-01
    4470.0  8.61513E-01
    4480.0  8.56279E-01
    4490.0  8.52005E-01
    4500.0  8.49058E-01
    4510.0  8.47406E-01
    4520.0  8.47158E-01
    4530.0  8.48492E-01
    4540.0  8.51300E-01
    4550.0  8.55544E-01
    4560.0  8.60933E-01
    4570.0  8.67271E-01
    4580.0  8.74439E-01
    4590.0  8.81982E-01
    4600.0  8.89640E-01
    4610.0  8.96879E-01
    4620.0  9.03480E-01
    4630.0  9.09227E-01
    4640.0  9.13302E-01
    4650.0  9.15694E-01
    4660.0  9.16290E-01
    4670.0  9.14864E-01
    4680.0  9.11536E-01
    4690.0  9.06428E-01
    4700.0  8.99760E-01
    4710.0  8.91613E-01
    4720.0  8.82729E-01
    4730.0  8.73206E-01
    4740.0  8.63447E-01
    4750.0  8.53862E-01
    4760.0  8.44671E-01
    4770.0  8.36499E-01
    4780.0  8.29187E-01
    4790.0  8.22944E-01
    4800.0  8.17899E-01
    4810.0  8.14091E-01
    4820.0  8.11501E-01
    4830.0  8.10052E-01
    4840.0  8.09740E-01
    4850.0  8.10065E-01
    4860.0  8.11248E-01
    4870.0  8.13177E-01
    4880.0  8.15250E-01
    4890.0  8.17592E-01
    4900.0  8.19952E-01
    4910.0  8.22425E-01
    4920.0  8.24817E-01
    4930.0  8.27311E-01
    4940.0  8.29814E-01
    4950.0  8.32874E-01
    4960.0  8.36517E-01
    4970.0  8.41052E-01
    4980.0  8.46961E-01
    4990.0  8.54400E-01
    5000.0  8.63736E-01
    5010.0  8.74589E-01
    5020.0  8.86936E-01
    5030.0  8.99702E-01
    5040.0  9.11129E-01
    5050.0  9.18797E-01
    5060.0  9.18898E-01
    5070.0  9.07338E-01
    5080.0  8.79905E-01
    5090.0  8.33453E-01
    5100.0  7.68036E-01
    5110.0  6.86761E-01
    5120.0  5.96236E-01
    5130.0  5.03801E-01
    5140.0  4.16491E-01
    5150.0  3.38798E-01
    5160.0  2.72614E-01
    5170.0  2.18135E-01
    5180.0  1.74271E-01
    5190.0  1.39451E-01
    5200.0  1.11876E-01
    5210.0  9.02006E-02
    5220.0  7.30900E-02
    5230.0  5.95954E-02
    5240.0  4.89377E-02
    5250.0  4.04202E-02
    5260.0  3.36385E-02
    5270.0  2.81666E-02
    5280.0  2.37108E-02
    5290.0  2.00811E-02
    5300.0  1.71138E-02
    5310.0  1.46215E-02
    5320.0  1.25732E-02
    5330.0  1.08885E-02
    5340.0  9.43092E-03
    5350.0  8.24061E-03
    5360.0  7.22507E-03
    5370.0  6.35418E-03
    5380.0  5.61726E-03
    5390.0  4.97626E-03
    5400.0  4.43254E-03
    5410.0  3.95856E-03
    5420.0  3.55845E-03
    5430.0  3.19116E-03
    5440.0  2.86238E-03
    5450.0  2.60332E-03
    5460.0  2.34993E-03
    5470.0  2.14247E-03
    5480.0  1.93233E-03
    5490.0  1.77755E-03
    5500.0  1.64249E-03
    5520.0  1.35078E-03
    5540.0  1.15170E-03
    5560.0  9.92064E-04
    5580.0  8.60440E-04
    5600.0  7.51236E-04
    5620.0  6.59248E-04
    5640.0  5.83712E-04
    5660.0  5.20124E-04
    5680.0  4.66562E-04
    5700.0  4.20432E-04
    5720.0  3.80780E-04
    5740.0  3.46556E-04
    5760.0  3.16576E-04
    5780.0  2.90368E-04
    5800.0  2.67668E-04
    5820.0  2.47606E-04
    5840.0  2.29652E-04
    5860.0  2.13980E-04
    5880.0  1.99828E-04
    5900.0  1.87274E-04
    5920.0  1.76180E-04
    5940.0  1.65718E-04
    5960.0  1.56440E-04
    5980.0  1.48132E-04
    6000.0  1.40448E-04
    6020.0  1.33402E-04
    6040.0  1.26928E-04
    6060.0  1.21096E-04
    6080.0  1.15612E-04
    6100.0  1.10522E-04
    6120.0  1.05942E-04
    6140.0  1.01590E-04
    6160.0  9.73800E-05
    6180.0  9.35340E-05
    6200.0  8.99460E-05
    6220.0  8.65040E-05
    6240.0  8.33000E-05
    6260.0  8.02360E-05
    6280.0  7.72980E-05
    6300.0  7.45820E-05
    6320.0  7.21720E-05
    6340.0  6.96980E-05
    6360.0  6.72200E-05
    6380.0  6.50060E-05
    6400.0  6.27960E-05
    6420.0  6.07600E-05
    6440.0  5.88260E-05
    6460.0  5.68420E-05
    6480.0  5.50540E-05
    6500.0  5.33320E-05
    6520.0  5.16360E-05
    6540.0  5.01760E-05
    6560.0  4.86540E-05
    6580.0  4.71360E-05
    6600.0  4.57320E-05
    6620.0  4.43760E-05
    6640.0  4.30880E-05
    6660.0  4.19100E-05
    6680.0  4.08060E-05
    6700.0  3.97580E-05
    6720.0  3.89080E-05
    6740.0  3.79740E-05
    6760.0  3.71480E-05
    6780.0  3.63880E-05
    6800.0  3.58440E-05
    6820.0  3.53060E-05
    6840.0  3.49040E-05
    6860.0  3.47860E-05
    6880.0  3.44980E-05
    6900.0  3.43940E-05
    6920.0  3.45860E-05
    6940.0  3.49660E-05
    6960.0  3.56060E-05
    6980.0  3.65000E-05
    7000.0  3.76160E-05
    7020.0  3.92240E-05
    7040.0  4.12760E-05
    7060.0  4.39100E-05
    7080.0  4.74440E-05
    7100.0  5.18620E-05
    7120.0  5.76320E-05
    7140.0  6.51160E-05
    7160.0  7.43340E-05
    7180.0  8.51620E-05
    7200.0  9.65200E-05
    7220.0  1.04902E-04
    7240.0  1.06504E-04
    7260.0  9.85920E-05
    7280.0  8.28100E-05
    7300.0  6.41240E-05
    7320.0  4.72100E-05
    7340.0  3.38700E-05
    7360.0  2.41760E-05
    7380.0  1.76420E-05
    7400.0  1.29600E-05
    7420.0  9.75800E-06
    7440.0  7.55200E-06
    7460.0  5.89000E-06
    7480.0  4.66800E-06
    7500.0  4.23200E-06
    7520.0  3.13800E-06
    7540.0  2.40400E-06
    7560.0  2.09400E-06
    7580.0  1.69400E-06
    7600.0  1.45800E-06
    7620.0  1.26600E-06
    7640.0  1.22000E-06
    7660.0  1.07000E-06
    7680.0  1.01200E-06
    7700.0  7.44000E-07
    7720.0  6.96000E-07
    7740.0  7.62000E-07
    7760.0  5.00000E-07
    7780.0  4.58000E-07
    7800.0  6.40000E-07
    7820.0  5.98000E-07
    7840.0  4.90000E-07
    7860.0  6.16000E-07
    7880.0  5.08000E-07
    7900.0  3.94000E-07
    7920.0  2.84000E-07
    7940.0  2.62000E-07
    7960.0  2.04000E-07
    7980.0  1.80000E-07
    8000.0  1.78000E-07
    8020.0  3.16000E-07
    8040.0  2.16000E-07
    8060.0  3.24000E-07
    8080.0  3.68000E-07
    8100.0 -1.80000E-08
    8120.0 -1.02000E-07
    8140.0  1.24000E-07
    8160.0  3.42000E-07
    8180.0  9.80000E-08
    8200.0  1.32000E-07
    8220.0  2.18000E-07
    8240.0  9.80000E-08
    8260.0  2.16000E-07
    8280.0  1.55000E-07
    8300.0  1.58000E-07
    8320.0  1.38000E-07
    8340.0  1.62000E-07
    8360.0  2.86000E-07
    8380.0  3.60000E-08
    8400.0  2.80000E-08
    8420.0  6.00000E-09
    8440.0  2.36000E-07
    8460.0  4.36000E-07
    8480.0  9.66000E-07
    8500.0 -2.94000E-07
    8520.0  2.16000E-07
    8540.0  5.02000E-07
    8560.0  2.20000E-07
    8580.0 -5.02000E-07
    8600.0 -1.33600E-06
    8620.0  1.40600E-06
    8640.0  3.08000E-06
    8660.0  4.23600E-06
    8680.0  5.63400E-06
    8700.0  3.27600E-06
    8720.0  3.86000E-07
    8740.0  5.62000E-07
    8760.0 -9.64000E-07
    8780.0  4.43400E-06
    8800.0 -4.03200E-06
    8820.0  6.38000E-07
    8840.0 -4.40000E-08
    8860.0  1.13200E-06
    8880.0  3.86000E-07
    8900.0 -1.68400E-06
    8920.0  1.29600E-06
    8940.0 -1.92200E-06
    8960.0 -1.54000E-07
    8980.0  1.54600E-06
    9000.0  9.06000E-07
    9020.0  7.94000E-07
    9040.0 -7.50000E-07
    9060.0 -1.43200E-06
    9080.0  1.08600E-06
    9100.0 -9.30000E-07
    9120.0 -1.15200E-06
    9140.0 -2.48000E-07
    9160.0 -6.56000E-07
    9180.0 -7.24000E-07
    9200.0  1.96400E-06
    9220.0  9.62000E-07
    9240.0  2.68000E-07
    9260.0  8.00000E-07
    9280.0 -1.02600E-06
    9300.0  6.40000E-08
    9320.0 -1.17400E-06
    9340.0  1.14000E-07
    9360.0  8.20000E-08
    9380.0  5.94000E-07
    9400.0  1.30000E-07
    9420.0 -2.64000E-07
    9440.0 -2.48000E-07
    9460.0  9.84000E-07
    9480.0  1.16000E-06
    9500.0 -3.66000E-07
    9520.0 -3.32000E-07
    9540.0  8.80000E-08
    9560.0  3.00000E-07
    9580.0 -9.80000E-08
    9600.0  1.14000E-07
    9620.0  3.28000E-07
    9640.0  1.53400E-06
    9660.0  2.48000E-07
    9680.0  3.54000E-07
    9700.0  8.06000E-07
    9720.0  1.46000E-07
    9740.0  4.40000E-07
    9760.0  2.98000E-07
    9780.0 -2.76000E-07
    9800.0  6.88000E-07
    9820.0  7.92000E-07
    9840.0 -2.90000E-07
    9860.0 -4.90000E-07
    9880.0 -3.80000E-08
    9900.0  1.90000E-07
    9920.0  1.26000E-07
    9940.0  1.48000E-07
    9960.0 -4.80000E-08
    9980.0 -3.06000E-07
   10000.0  2.84000E-07
   10020.0  8.48000E-07
   10040.0  3.76000E-07
   10060.0 -2.46000E-07
   10080.0  1.12000E-07
   10100.0  9.24000E-07
   10120.0  8.14000E-07
   10140.0  1.78000E-07
   10160.0 -3.78000E-07
   10180.0 -2.94000E-07
   10200.0  4.12000E-07
   10220.0  8.44000E-07
   10240.0  5.96000E-07
   10260.0  9.00000E-07
   10280.0  8.22000E-07
   10300.0  5.64000E-07
   10320.0  1.02000E-06
   10340.0  3.54000E-07
   10360.0 -2.08000E-07
   10380.0  4.08000E-07
   10400.0  8.02000E-07
   10420.0  6.08000E-07
   10440.0  1.07200E-06
   10460.0  1.19600E-06
   10480.0  9.42000E-07
   10500.0  1.25400E-06
   10520.0  1.13600E-06
   10540.0  9.42000E-07
   10560.0  1.36000E-06
   10580.0  1.32600E-06
   10600.0  1.57800E-06
   10620.0  2.10200E-06
   10640.0  1.93400E-06
   10660.0  1.59200E-06
   10680.0  1.83800E-06
   10700.0  2.17000E-06
   10720.0  2.52200E-06
   10740.0  2.15000E-06
   10760.0  2.35400E-06
   10780.0  2.99800E-06
   10800.0  2.75800E-06
   10820.0  2.96200E-06
   10840.0  2.79200E-06
   10860.0  3.63000E-06
   10880.0  5.11800E-06
   10900.0  3.94800E-06
   10920.0  4.07600E-06
   10940.0  4.81800E-06
   10960.0  5.14200E-06
   10980.0  5.29000E-06
   11000.0  5.57200E-06
   11020.0  5.47200E-06
   11040.0  6.44400E-06
   11060.0  7.14000E-06
   11080.0  7.58400E-06
   11100.0  8.15400E-06
   11120.0  7.96000E-06
   11140.0  8.13000E-06
   11160.0  8.79200E-06
   11180.0  9.15000E-06
   11200.0  1.14680E-05
   11220.0  1.20180E-05
   11240.0  1.27820E-05
   11260.0  1.27860E-05
   11280.0  1.36060E-05
   11300.0  1.42220E-05
   11320.0  1.52060E-05
   11340.0  1.71340E-05
   11360.0  1.82460E-05
   11380.0  1.91680E-05
   11400.0  2.04080E-05
   11420.0  2.13180E-05
   11440.0  2.28960E-05
   11460.0  2.52940E-05
   11480.0  2.73900E-05
   11500.0  2.83560E-05
   11520.0  3.09920E-05
   11540.0  3.37760E-05
   11560.0  3.45500E-05
   11580.0  3.55600E-05
   11600.0  3.99040E-05
   11620.0  4.22840E-05
   11640.0  4.56920E-05
   11660.0  4.81640E-05
   11680.0  5.16340E-05
   11700.0  5.54340E-05
   11720.0  5.90040E-05
   11740.0  6.25600E-05
   11760.0  6.67660E-05
   11780.0  7.11820E-05
   11800.0  7.65620E-05
   11820.0  8.13120E-05
   11840.0  8.80000E-05
   11860.0  9.56320E-05
   11880.0  1.07834E-04
   11900.0  1.05610E-04
   11920.0  1.10194E-04
   11940.0  1.15496E-04
   11960.0  1.28978E-04
   11980.0  1.35992E-04
   12000.0  1.39654E-04
   12020.0  1.56092E-04
   12040.0  1.65348E-04
   12060.0  1.74320E-04
   12080.0  1.84812E-04
   12100.0  1.93156E-04
   12120.0  2.05026E-04
   12140.0  2.15016E-04
   12160.0  2.27680E-04
   12180.0  2.44608E-04
   12200.0  2.69704E-04
   12220.0  2.71906E-04
   12240.0  2.90814E-04
   12260.0  3.19098E-04
   12280.0  3.20500E-04
   12300.0  3.34322E-04
   12320.0  3.46118E-04
   12340.0  3.90030E-04
   12360.0  4.13374E-04
   12380.0  4.40708E-04
   12400.0  4.64554E-04
   12420.0  4.90730E-04
   12440.0  5.08644E-04
   12460.0  5.24750E-04
   12480.0  5.81266E-04
   12500.0  6.14976E-04
   12520.0  6.43146E-04
   12540.0  6.76008E-04
   12560.0  7.06710E-04
   12580.0  7.48662E-04
   12600.0  7.94442E-04
   12620.0  8.60190E-04
   12640.0  8.55436E-04
   12660.0  9.03302E-04
   12680.0  9.61476E-04
   12700.0  1.04042E-03
   12720.0  1.04289E-03
   12740.0  1.12495E-03
   12760.0  1.20148E-03
   12780.0  1.22003E-03
   12800.0  1.27712E-03
   12820.0  1.34995E-03
   12840.0  1.39754E-03
   12860.0  1.45729E-03
   12880.0  1.59633E-03
   12900.0  1.67593E-03
   12920.0  1.76053E-03
   12940.0  1.85452E-03
   12960.0  1.91899E-03
   12980.0  1.97270E-03
   13000.0  2.03303E-03
   13020.0  2.23093E-03
   13040.0  2.33361E-03
   13060.0  2.48918E-03
   13080.0  2.61361E-03
   13100.0  2.61740E-03
   13120.0  2.72875E-03
   13140.0  2.85665E-03
   13160.0  3.01068E-03
   13180.0  3.19173E-03
   13200.0  3.23439E-03
   13220.0  3.44774E-03
   13240.0  3.63374E-03
   13260.0  3.67311E-03
   13280.0  3.91934E-03
   13300.0  4.13979E-03
   13320.0  4.15329E-03
   13340.0  4.37131E-03
   13360.0  4.59568E-03
   13380.0  4.82324E-03
   13400.0  5.11088E-03
   13420.0  5.36915E-03
   13440.0  5.37915E-03
   13460.0  5.57870E-03
   13480.0  6.02495E-03
   13500.0  6.01942E-03
   13520.0  6.45076E-03
   13540.0  7.28734E-03
   13560.0  6.71623E-03
   13580.0  6.06424E-03
   13600.0  7.17209E-03
   13620.0  8.31523E-03
   13640.0  7.29432E-03
   13660.0  7.05972E-03
   13680.0  8.48579E-03
   13700.0  1.06823E-02
   13720.0  1.24662E-02
   13740.0  1.15220E-02
   13760.0  9.18281E-03
   13780.0  7.39647E-03
   13800.0  8.55166E-03
   13820.0  1.21252E-02
   13840.0  1.28592E-02
   13860.0  1.37562E-02
   13880.0  1.34771E-02
   13900.0  1.20087E-02
   13920.0  1.25122E-02
   13940.0  1.44603E-02
   13960.0  1.43326E-02
   13980.0  1.41353E-02
   14000.0  1.67850E-02
   14020.0  1.48849E-02
   14040.0  1.52796E-02
   14060.0  1.71407E-02
   14080.0  1.94095E-02
   14100.0  1.89062E-02
   14120.0  1.88209E-02
   14140.0  1.92314E-02
   14160.0  1.84881E-02
   14180.0  2.07525E-02
   14200.0  2.23090E-02
   14220.0  2.32862E-02
   14240.0  2.36541E-02
   14260.0  2.32026E-02
   14280.0  2.37067E-02
   14300.0  2.47047E-02
   14320.0  2.57086E-02
   14340.0  2.58732E-02
   14360.0  2.70189E-02
   14380.0  2.81581E-02
   14400.0  2.93957E-02
   14420.0  2.93758E-02
   14440.0  3.05727E-02
   14460.0  3.10048E-02
   14480.0  3.14241E-02
   14500.0  3.34002E-02
   14520.0  3.41914E-02
   14540.0  3.52187E-02
   14560.0  3.70151E-02
   14580.0  3.71620E-02
   14600.0  3.79241E-02
   14620.0  3.99176E-02
   14640.0  4.00272E-02
   14660.0  3.96312E-02
   14680.0  4.03578E-02
   14700.0  4.34421E-02
   14720.0  4.51422E-02
   14740.0  4.54980E-02
   14760.0  4.70328E-02
   14780.0  4.86769E-02
   14800.0  5.03467E-02
   14820.0  5.09578E-02
   14840.0  5.20112E-02
   14860.0  5.36597E-02
   14880.0  5.50477E-02
   14900.0  5.61704E-02
   14920.0  5.74108E-02
   14940.0  5.87903E-02
   14960.0  6.05578E-02
   14980.0  6.21869E-02
   15000.0  6.54229E-02
   15020.0  6.48238E-02
   15040.0  6.55292E-02
   15060.0  6.68981E-02
   15080.0  6.88695E-02
   15100.0  7.09775E-02
   15120.0  7.44968E-02
   15140.0  7.37241E-02
   15160.0  7.44126E-02
   15180.0  7.62412E-02
   15200.0  7.83394E-02
   15220.0  8.06154E-02
   15240.0  8.53029E-02
   15260.0  8.35870E-02
   15280.0  8.46507E-02
   15300.0  8.62417E-02
   15320.0  8.83152E-02
   15340.0  8.98163E-02
   15360.0  9.19915E-02
   15380.0  9.38698E-02
   15400.0  9.61780E-02
   15420.0  9.79027E-02
   15440.0  1.00712E-01
   15460.0  1.03411E-01
   15480.0  1.09306E-01
   15500.0  1.06081E-01
   15520.0  1.07095E-01
   15540.0  1.08774E-01
   15560.0  1.11382E-01
   15580.0  1.12654E-01
   15600.0  1.14464E-01
   15620.0  1.17765E-01
   15640.0  1.21308E-01
   15660.0  1.26324E-01
   15680.0  1.22520E-01
   15700.0  1.23987E-01
   15720.0  1.27235E-01
   15740.0  1.30516E-01
   15760.0  1.36848E-01
   15780.0  1.31728E-01
   15800.0  1.34334E-01
   15820.0  1.38212E-01
   15840.0  1.44978E-01
   15860.0  1.40058E-01
   15880.0  1.43051E-01
   15900.0  1.46040E-01
   15920.0  1.53238E-01
   15940.0  1.47838E-01
   15960.0  1.50574E-01
   15980.0  1.53530E-01
   16000.0  1.58681E-01
   16020.0  1.65750E-01
   16040.0  1.59359E-01
   16060.0  1.60721E-01
   16080.0  1.63512E-01
   16100.0  1.65356E-01
   16120.0  1.69417E-01
   16140.0  1.70498E-01
   16160.0  1.75055E-01
   16180.0  1.79305E-01
   16200.0  1.87623E-01
   16220.0  1.79419E-01
   16240.0  1.81875E-01
   16260.0  1.83383E-01
   16280.0  1.86155E-01
   16300.0  1.87107E-01
   16320.0  1.91399E-01
   16340.0  1.91710E-01
   16360.0  1.94102E-01
   16380.0  1.97539E-01
   16400.0  1.99995E-01
   16420.0  2.04633E-01
   16440.0  2.14232E-01
   16460.0  2.03749E-01
   16480.0  2.05298E-01
   16500.0  2.08200E-01
   16520.0  2.11195E-01
   16540.0  2.13633E-01
   16560.0  2.18472E-01
   16580.0  2.24957E-01
   16600.0  2.17969E-01
   16620.0  2.20185E-01
   16640.0  2.27402E-01
   16660.0  2.37623E-01
   16680.0  2.50958E-01
   16700.0  2.30349E-01
   16720.0  2.32612E-01
   16740.0  2.33539E-01
   16760.0  2.36619E-01
   16780.0  2.37809E-01
   16800.0  2.38465E-01
   16820.0  2.39952E-01
   16840.0  2.42375E-01
   16860.0  2.44024E-01
   16880.0  2.47631E-01
   16900.0  2.52900E-01
   16920.0  2.58182E-01
   16940.0  2.47446E-01
   16960.0  2.50627E-01
   16980.0  2.52701E-01
   17000.0  2.56611E-01
   17020.0  2.62499E-01
   17040.0  2.67472E-01
   17060.0  2.58062E-01
   17080.0  2.61893E-01
   17100.0  2.69599E-01
   17120.0  2.74602E-01
   17140.0  2.65466E-01
   17160.0  2.69815E-01
   17180.0  2.76487E-01
   17200.0  2.81575E-01
   17220.0  2.71796E-01
   17240.0  2.76527E-01
   17260.0  2.83397E-01
   17280.0  2.87283E-01
   17300.0  2.78508E-01
   17320.0  2.81298E-01
   17340.0  2.83695E-01
   17360.0  2.87351E-01
   17380.0  2.89056E-01
   17400.0  2.90660E-01
   17420.0  2.94258E-01
   17440.0  3.03934E-01
   17460.0  3.06950E-01
   17480.0  2.99070E-01
   17500.0  2.99174E-01
   17520.0  2.99248E-01
   17540.0  3.01995E-01
   17560.0  3.04332E-01
   17580.0  3.02911E-01
   17600.0  3.04886E-01
   17620.0  3.09060E-01
   17640.0  3.12983E-01
   17660.0  3.14791E-01
   17680.0  3.19906E-01
   17700.0  3.17107E-01
   17720.0  3.03941E-01
   17740.0  3.05638E-01
   17760.0  3.23523E-01
   17780.0  3.33766E-01
   17800.0  3.27470E-01
   17820.0  3.23146E-01
   17840.0  3.24804E-01
   17860.0  3.26308E-01
   17880.0  3.31477E-01
   17900.0  3.29452E-01
   17920.0  3.25111E-01
   17940.0  3.36129E-01
   17960.0  3.36823E-01
   17980.0  3.34820E-01
   18000.0  3.43051E-01
   18020.0  3.33076E-01
   18040.0  3.28114E-01
   18060.0  3.41048E-01
   18080.0  3.48955E-01
   18100.0  3.54390E-01
   18120.0  3.53367E-01
   18140.0  3.37484E-01
   18160.0  3.06504E-01
   18180.0  3.32774E-01
   18200.0  4.04186E-01
   18220.0  3.58486E-01
   18240.0  2.98744E-01
   18260.0  3.13001E-01
   18280.0  3.80207E-01
   18300.0  4.30901E-01
   18320.0  3.85894E-01
   18340.0  3.02773E-01
   18360.0  2.75573E-01
   18380.0  3.43725E-01
   18400.0  4.74740E-01
   18420.0  3.85996E-01
   18440.0  2.59689E-01
   18460.0  3.08240E-01
   18480.0  4.30795E-01
   18500.0  4.10461E-01
   18520.0  3.88592E-01
   18540.0  2.94004E-01
   18560.0  2.72192E-01
   18580.0  3.75238E-01
   18600.0  5.08556E-01
   18620.0  4.73095E-01
   18640.0  3.40715E-01
   18660.0  3.01117E-01
   18680.0  3.12671E-01
   18700.0  3.51717E-01
   18720.0  3.80822E-01
   18740.0  3.95509E-01
   18760.0  4.05977E-01
   18780.0  3.74941E-01
   18800.0  3.54076E-01
   18820.0  4.25931E-01
   18840.0  4.43675E-01
   18860.0  3.25364E-01
   18880.0  3.07393E-01
   18900.0  4.01489E-01
   18920.0  4.93506E-01
   18940.0  3.88486E-01
   18960.0  3.50283E-01
   18980.0  3.85606E-01
   19000.0  3.55023E-01
   19020.0  3.45565E-01
   19040.0  4.18767E-01
   19060.0  4.31513E-01
   19080.0  3.63704E-01
   19100.0  3.71844E-01
   19120.0  4.47366E-01
   19140.0  4.26195E-01
   19160.0  3.59232E-01
   19180.0  3.60904E-01
   19200.0  4.02407E-01
   19220.0  3.86779E-01
   19240.0  3.59054E-01
   19260.0  4.00172E-01
   19280.0  4.31903E-01
   19300.0  4.20777E-01
   19320.0  3.93915E-01
   19340.0  3.68919E-01
   19360.0  3.74706E-01
   19380.0  4.26688E-01
   19400.0  4.09048E-01
   19420.0  3.61537E-01
   19440.0  4.10458E-01
   19460.0  4.16755E-01
   19480.0  3.96572E-01
   19500.0  3.77329E-01
   19520.0  4.08752E-01
   19540.0  4.11669E-01
   19560.0  3.97620E-01
   19580.0  3.81828E-01
   19600.0  4.09730E-01
   19620.0  4.05253E-01
   19640.0  3.83285E-01
   19660.0  4.06752E-01
   19680.0  4.08746E-01
   19700.0  4.07941E-01
   19720.0  4.02503E-01
   19740.0  3.98023E-01
   19760.0  3.80407E-01
   19780.0  4.07025E-01
   19800.0  4.04945E-01
   19820.0  4.05433E-01
   19840.0  4.02294E-01
   19860.0  4.03707E-01
   19880.0  4.03139E-01
   19900.0  4.03520E-01
   19920.0  4.01802E-01
   19940.0  4.03631E-01
   19960.0  4.02327E-01
   19980.0  4.04804E-01
   20000.0  4.15416E-01
