-22.545
    1900.0 -2.51020E-05
    1920.0  3.90000E-07
    1940.0  2.28800E-06
    1960.0  6.12000E-07
    1980.0  1.00200E-06
    2000.0  9.02000E-07
    2020.0  1.05600E-06
    2040.0 -6.80000E-08
    2060.0 -6.60000E-08
    2080.0  7.24000E-07
    2100.0  6.78000E-07
    2120.0  3.20000E-07
    2140.0  3.84000E-07
    2160.0  5.94000E-07
    2180.0  7.34000E-07
    2200.0  4.56000E-07
    2220.0  4.24000E-07
    2240.0  4.68000E-07
    2260.0  4.28000E-07
    2280.0  2.86000E-07
    2300.0  1.72000E-07
    2320.0  2.58000E-07
    2340.0  4.38000E-07
    2360.0  2.98000E-07
    2380.0  1.64000E-07
    2400.0  1.90000E-07
    2420.0  2.92000E-07
    2440.0  2.06000E-07
    2460.0  1.14000E-07
    2480.0 -1.22000E-07
    2500.0  8.40000E-08
    2520.0  1.70000E-07
    2540.0  1.80000E-08
    2560.0  2.40000E-08
    2580.0  1.04000E-07
    2600.0  9.80000E-08
    2620.0  5.20000E-08
    2640.0  3.40000E-08
    2660.0  1.24000E-07
    2680.0  6.60000E-08
    2700.0  4.20000E-08
    2720.0  6.20000E-08
    2740.0  2.02000E-07
    2760.0 -1.80000E-08
    2780.0  4.40000E-08
    2800.0 -3.60000E-08
    2820.0  5.60000E-08
    2840.0  5.48000E-07
    2860.0  2.98000E-07
    2880.0  4.60000E-08
    2900.0  1.80000E-08
    2920.0 -2.80000E-08
    2940.0  6.40000E-08
    2960.0 -7.60000E-08
    2980.0  1.40000E-08
    3000.0  2.80000E-08
    3020.0  1.04000E-07
    3040.0  2.38000E-07
    3060.0 -3.80000E-08
    3080.0 -8.60000E-08
    3100.0  1.40000E-07
    3120.0  4.40000E-08
    3140.0  1.28000E-07
    3160.0  1.62000E-07
    3180.0  5.46000E-07
    3200.0  6.98000E-07
    3220.0  1.05200E-06
    3240.0  1.36000E-06
    3260.0  1.45200E-06
    3280.0  1.75000E-06
    3300.0  2.24000E-06
    3320.0  2.73600E-06
    3340.0  3.08800E-06
    3360.0  3.55800E-06
    3380.0  4.16600E-06
    3400.0  4.78200E-06
    3420.0  5.50400E-06
    3440.0  6.12200E-06
    3460.0  6.91600E-06
    3480.0  7.64200E-06
    3500.0  8.47200E-06
    3520.0  9.56600E-06
    3540.0  1.06440E-05
    3560.0  1.18140E-05
    3580.0  1.30660E-05
    3600.0  1.42300E-05
    3620.0  1.56480E-05
    3640.0  1.68940E-05
    3660.0  1.82780E-05
    3680.0  1.96560E-05
    3700.0  2.09640E-05
    3720.0  2.22400E-05
    3740.0  2.31720E-05
    3760.0  2.44440E-05
    3780.0  2.65280E-05
    3800.0  2.77180E-05
    3820.0  2.86480E-05
    3840.0  2.95140E-05
    3860.0  3.00460E-05
    3880.0  3.08040E-05
    3900.0  3.10720E-05
    3920.0  3.15120E-05
    3940.0  3.17620E-05
    3960.0  3.20140E-05
    3980.0  3.19940E-05
    4000.0  2.78100E-05
    4010.0  4.45680E-05
    4020.0  3.96720E-05
    4030.0  3.69080E-05
    4040.0  3.92300E-05
    4050.0  3.60420E-05
    4060.0  3.77320E-05
    4070.0  3.24220E-05
    4080.0  3.81340E-05
    4090.0  3.19880E-05
    4100.0  3.79080E-05
    4110.0  3.83220E-05
    4120.0  3.89560E-05
    4130.0  4.59200E-05
    4140.0  4.44240E-05
    4150.0  3.53220E-05
    4160.0  4.06020E-05
    4170.0  4.77780E-05
    4180.0  3.74180E-05
    4190.0  5.02920E-05
    4200.0  4.05660E-05
    4210.0  3.23260E-05
    4220.0  3.84360E-05
    4230.0  3.20900E-05
    4240.0  3.48280E-05
    4250.0  3.71400E-05
    4260.0  3.86100E-05
    4270.0  3.35420E-05
    4280.0  3.77520E-05
    4290.0  3.54220E-05
    4300.0  2.97280E-05
    4310.0  3.70940E-05
    4320.0  4.93020E-05
    4330.0  1.15856E-04
    4340.0  2.80318E-04
    4350.0  7.27234E-04
    4360.0  1.90246E-03
    4370.0  4.65412E-03
    4380.0  1.05256E-02
    4390.0  2.18892E-02
    4400.0  4.17487E-02
    4410.0  7.30841E-02
    4420.0  1.17859E-01
    4430.0  1.75619E-01
    4440.0  2.43716E-01
    4450.0  3.18041E-01
    4460.0  3.93629E-01
    4470.0  4.65673E-01
    4480.0  5.31094E-01
    4490.0  5.88639E-01
    4500.0  6.38007E-01
    4510.0  6.79614E-01
    4520.0  7.14194E-01
    4530.0  7.42754E-01
    4540.0  7.66309E-01
    4550.0  7.85535E-01
    4560.0  8.01413E-01
    4570.0  8.14572E-01
    4580.0  8.25499E-01
    4590.0  8.34820E-01
    4600.0  8.42682E-01
    4610.0  8.49374E-01
    4620.0  8.55279E-01
    4630.0  8.60579E-01
    4640.0  8.64945E-01
    4650.0  8.69120E-01
    4660.0  8.72876E-01
    4670.0  8.76193E-01
    4680.0  8.79313E-01
    4690.0  8.82239E-01
    4700.0  8.84975E-01
    4710.0  8.87515E-01
    4720.0  8.90087E-01
    4730.0  8.92325E-01
    4740.0  8.94613E-01
    4750.0  8.96862E-01
    4760.0  8.98881E-01
    4770.0  9.00924E-01
    4780.0  9.02833E-01
    4790.0  9.04909E-01
    4800.0  9.06829E-01
    4810.0  9.08710E-01
    4820.0  9.10335E-01
    4830.0  9.12161E-01
    4840.0  9.13932E-01
    4850.0  9.15515E-01
    4860.0  9.17158E-01
    4870.0  9.18744E-01
    4880.0  9.20248E-01
    4890.0  9.21759E-01
    4900.0  9.23327E-01
    4910.0  9.24742E-01
    4920.0  9.26126E-01
    4930.0  9.27559E-01
    4940.0  9.28708E-01
    4950.0  9.29930E-01
    4960.0  9.31322E-01
    4970.0  9.32395E-01
    4980.0  9.33474E-01
    4990.0  9.34431E-01
    5000.0  9.35431E-01
    5010.0  9.36386E-01
    5020.0  9.37306E-01
    5030.0  9.38209E-01
    5040.0  9.39063E-01
    5050.0  9.39693E-01
    5060.0  9.40175E-01
    5070.0  9.40983E-01
    5080.0  9.41496E-01
    5090.0  9.41757E-01
    5100.0  9.42197E-01
    5110.0  9.42616E-01
    5120.0  9.42846E-01
    5130.0  9.42926E-01
    5140.0  9.43130E-01
    5150.0  9.43200E-01
    5160.0  9.43075E-01
    5170.0  9.43177E-01
    5180.0  9.42852E-01
    5190.0  9.42747E-01
    5200.0  9.42251E-01
    5210.0  9.41936E-01
    5220.0  9.41324E-01
    5230.0  9.40675E-01
    5240.0  9.40056E-01
    5250.0  9.39270E-01
    5260.0  9.38565E-01
    5270.0  9.37405E-01
    5280.0  9.36454E-01
    5290.0  9.35332E-01
    5300.0  9.33875E-01
    5310.0  9.32664E-01
    5320.0  9.31118E-01
    5330.0  9.29611E-01
    5340.0  9.27790E-01
    5350.0  9.26100E-01
    5360.0  9.24256E-01
    5370.0  9.22126E-01
    5380.0  9.20151E-01
    5390.0  9.17876E-01
    5400.0  9.15607E-01
    5410.0  9.13094E-01
    5420.0  9.10493E-01
    5430.0  9.07769E-01
    5440.0  9.04958E-01
    5450.0  9.02017E-01
    5460.0  8.98811E-01
    5470.0  8.95645E-01
    5480.0  8.92216E-01
    5490.0  8.88715E-01
    5500.0  8.85102E-01
    5510.0  8.81200E-01
    5520.0  8.77382E-01
    5530.0  8.73443E-01
    5540.0  8.69156E-01
    5550.0  8.64769E-01
    5560.0  8.60354E-01
    5570.0  8.55588E-01
    5580.0  8.50907E-01
    5590.0  8.45814E-01
    5600.0  8.40758E-01
    5610.0  8.35439E-01
    5620.0  8.30016E-01
    5630.0  8.24461E-01
    5640.0  8.18883E-01
    5650.0  8.13001E-01
    5660.0  8.06899E-01
    5670.0  8.00843E-01
    5680.0  7.94592E-01
    5690.0  7.88064E-01
    5700.0  7.81527E-01
    5710.0  7.74839E-01
    5720.0  7.68002E-01
    5730.0  7.60962E-01
    5740.0  7.53897E-01
    5750.0  7.46594E-01
    5760.0  7.39157E-01
    5770.0  7.31648E-01
    5780.0  7.24005E-01
    5790.0  7.16229E-01
    5800.0  7.08217E-01
    5810.0  7.00292E-01
    5820.0  6.92144E-01
    5830.0  6.83948E-01
    5840.0  6.75545E-01
    5850.0  6.67135E-01
    5860.0  6.58570E-01
    5870.0  6.49816E-01
    5880.0  6.41152E-01
    5890.0  6.32333E-01
    5900.0  6.23481E-01
    5910.0  6.14488E-01
    5920.0  6.05485E-01
    5930.0  5.96393E-01
    5940.0  5.87203E-01
    5950.0  5.77933E-01
    5960.0  5.68717E-01
    5970.0  5.59444E-01
    5980.0  5.50031E-01
    5990.0  5.40729E-01
    6000.0  5.31285E-01
    6010.0  5.21847E-01
    6020.0  5.12363E-01
    6030.0  5.02969E-01
    6040.0  4.93529E-01
    6050.0  4.84073E-01
    6060.0  4.74692E-01
    6070.0  4.65332E-01
    6080.0  4.55963E-01
    6090.0  4.46599E-01
    6100.0  4.37313E-01
    6110.0  4.28001E-01
    6120.0  4.18701E-01
    6130.0  4.09540E-01
    6140.0  4.00388E-01
    6150.0  3.91287E-01
    6160.0  3.82248E-01
    6170.0  3.73367E-01
    6180.0  3.64521E-01
    6190.0  3.55707E-01
    6200.0  3.47030E-01
    6210.0  3.38375E-01
    6220.0  3.29822E-01
    6230.0  3.21334E-01
    6240.0  3.12979E-01
    6250.0  3.04714E-01
    6260.0  2.96577E-01
    6270.0  2.88571E-01
    6280.0  2.80644E-01
    6290.0  2.72834E-01
    6300.0  2.65131E-01
    6310.0  2.57573E-01
    6320.0  2.50133E-01
    6330.0  2.42808E-01
    6340.0  2.35619E-01
    6350.0  2.28555E-01
    6360.0  2.21647E-01
    6370.0  2.14866E-01
    6380.0  2.08202E-01
    6390.0  2.01653E-01
    6400.0  1.95222E-01
    6410.0  1.88933E-01
    6420.0  1.82764E-01
    6430.0  1.76701E-01
    6440.0  1.70784E-01
    6450.0  1.65013E-01
    6460.0  1.59360E-01
    6470.0  1.53851E-01
    6480.0  1.48498E-01
    6490.0  1.43252E-01
    6500.0  1.38129E-01
    6510.0  1.33130E-01
    6520.0  1.28264E-01
    6530.0  1.23534E-01
    6540.0  1.18936E-01
    6550.0  1.14455E-01
    6560.0  1.10110E-01
    6570.0  1.05901E-01
    6580.0  1.01801E-01
    6590.0  9.78247E-02
    6600.0  9.39647E-02
    6610.0  9.02126E-02
    6620.0  8.65895E-02
    6630.0  8.30784E-02
    6640.0  7.96708E-02
    6650.0  7.63747E-02
    6660.0  7.31996E-02
    6670.0  7.01340E-02
    6680.0  6.71653E-02
    6690.0  6.43138E-02
    6700.0  6.15441E-02
    6710.0  5.88666E-02
    6720.0  5.62938E-02
    6730.0  5.38033E-02
    6740.0  5.14151E-02
    6750.0  4.91103E-02
    6760.0  4.68961E-02
    6770.0  4.47535E-02
    6780.0  4.26924E-02
    6790.0  4.07157E-02
    6800.0  3.88205E-02
    6810.0  3.69738E-02
    6820.0  3.52085E-02
    6830.0  3.35187E-02
    6840.0  3.19127E-02
    6850.0  3.03753E-02
    6860.0  2.88830E-02
    6870.0  2.74762E-02
    6880.0  2.61196E-02
    6890.0  2.48305E-02
    6900.0  2.35861E-02
    6910.0  2.24095E-02
    6920.0  2.12624E-02
    6930.0  2.01702E-02
    6940.0  1.91470E-02
    6950.0  1.81546E-02
    6960.0  1.72214E-02
    6970.0  1.63409E-02
    6980.0  1.54912E-02
    6990.0  1.46671E-02
    7000.0  1.39046E-02
    7010.0  1.31527E-02
    7020.0  1.24458E-02
    7030.0  1.17865E-02
    7040.0  1.11381E-02
    7050.0  1.05506E-02
    7060.0  9.96843E-03
    7070.0  9.42813E-03
    7080.0  8.91349E-03
    7090.0  8.43067E-03
    7100.0  7.96326E-03
    7110.0  7.51375E-03
    7120.0  7.12460E-03
    7130.0  6.70332E-03
    7140.0  6.33191E-03
    7150.0  5.98852E-03
    7160.0  5.63757E-03
    7170.0  5.33148E-03
    7180.0  5.03258E-03
    7190.0  4.75036E-03
    7200.0  4.46282E-03
    7210.0  4.21980E-03
    7220.0  3.97221E-03
    7230.0  3.73619E-03
    7240.0  3.54326E-03
    7250.0  3.31518E-03
    7260.0  3.14980E-03
    7270.0  2.94295E-03
    7280.0  2.79119E-03
    7290.0  2.61618E-03
    7300.0  2.48987E-03
    7310.0  2.32649E-03
    7320.0  2.18228E-03
    7330.0  2.08183E-03
    7340.0  1.92681E-03
    7350.0  1.84335E-03
    7360.0  1.72957E-03
    7370.0  1.62980E-03
    7380.0  1.52590E-03
    7390.0  1.43708E-03
    7400.0  1.36074E-03
    7410.0  1.27097E-03
    7420.0  1.22963E-03
    7430.0  1.12770E-03
    7440.0  1.06875E-03
    7450.0  1.00782E-03
    7460.0  9.44196E-04
    7470.0  8.82696E-04
    7480.0  8.12210E-04
    7490.0  7.83850E-04
    7500.0  7.28778E-04
    7520.0  6.55000E-04
    7540.0  5.82176E-04
    7560.0  5.17658E-04
    7580.0  4.60594E-04
    7600.0  4.10432E-04
    7620.0  3.65340E-04
    7640.0  3.25698E-04
    7660.0  2.90804E-04
    7680.0  2.59596E-04
    7700.0  2.31710E-04
    7720.0  2.07364E-04
    7740.0  1.85536E-04
    7760.0  1.66470E-04
    7780.0  1.49320E-04
    7800.0  1.34018E-04
    7820.0  1.20700E-04
    7840.0  1.08356E-04
    7860.0  9.78480E-05
    7880.0  8.82180E-05
    7900.0  7.97640E-05
    7920.0  7.22320E-05
    7940.0  6.55620E-05
    7960.0  5.92320E-05
    7980.0  5.40580E-05
    8000.0  4.92780E-05
    8020.0  4.49600E-05
    8040.0  4.09960E-05
    8060.0  3.75220E-05
    8080.0  3.43920E-05
    8100.0  3.15220E-05
    8120.0  2.89880E-05
    8140.0  2.66840E-05
    8160.0  2.47420E-05
    8180.0  2.28900E-05
    8200.0  2.10660E-05
    8220.0  1.97820E-05
    8240.0  1.80480E-05
    8260.0  1.68680E-05
    8280.0  1.56720E-05
    8300.0  1.44300E-05
    8320.0  1.39820E-05
    8340.0  1.31200E-05
    8360.0  1.24140E-05
    8380.0  1.17100E-05
    8400.0  1.10300E-05
    8420.0  1.01360E-05
    8440.0  9.99200E-06
    8460.0  9.52800E-06
    8480.0  8.31600E-06
    8500.0  7.60800E-06
    8520.0  8.68000E-06
    8540.0  8.56000E-06
    8560.0  8.32200E-06
    8580.0  7.34800E-06
    8600.0  2.73200E-06
    8620.0  1.39400E-06
    8640.0  5.90000E-06
    8660.0  9.46400E-06
    8680.0  8.48800E-06
    8700.0  4.43800E-06
    8720.0  2.65000E-06
    8740.0  4.11200E-06
    8760.0 -6.82000E-07
    8780.0  8.91000E-06
    8800.0  3.07800E-06
    8820.0  6.13000E-06
    8840.0  6.50200E-06
    8860.0  2.91600E-06
    8880.0  1.82400E-06
    8900.0  3.06400E-06
    8920.0  2.27800E-06
    8940.0  6.39800E-06
    8960.0  3.03800E-06
    8980.0  7.77200E-06
    9000.0  3.10200E-06
    9020.0  3.71000E-06
    9040.0  3.20000E-06
    9060.0  5.05000E-06
    9080.0  4.23600E-06
    9100.0  3.79800E-06
    9120.0  4.95600E-06
    9140.0  3.77400E-06
    9160.0  5.33400E-06
    9180.0  4.46800E-06
    9200.0  4.34000E-06
    9220.0  4.47800E-06
    9240.0  4.96200E-06
    9260.0  3.98600E-06
    9280.0  4.49600E-06
    9300.0  5.65400E-06
    9320.0  5.74200E-06
    9340.0  5.39000E-06
    9360.0  4.72400E-06
    9380.0  6.24400E-06
    9400.0  5.76800E-06
    9420.0  6.13000E-06
    9440.0  5.74600E-06
    9460.0  6.13800E-06
    9480.0  6.74600E-06
    9500.0  6.76000E-06
    9520.0  7.42200E-06
    9540.0  8.52800E-06
    9560.0  7.03600E-06
    9580.0  6.97200E-06
    9600.0  8.88400E-06
    9620.0  9.03800E-06
    9640.0  8.35000E-06
    9660.0  8.74000E-06
    9680.0  9.48000E-06
    9700.0  9.42600E-06
    9720.0  9.35000E-06
    9740.0  1.04420E-05
    9760.0  1.07340E-05
    9780.0  1.14580E-05
    9800.0  1.18280E-05
    9820.0  1.15380E-05
    9840.0  1.25020E-05
    9860.0  1.43440E-05
    9880.0  1.40600E-05
    9900.0  1.35900E-05
    9920.0  1.47860E-05
    9940.0  1.61960E-05
    9960.0  1.67340E-05
    9980.0  1.63020E-05
   10000.0  1.63980E-05
   10020.0  1.77380E-05
   10040.0  1.90560E-05
   10060.0  2.02760E-05
   10080.0  2.18360E-05
   10100.0  2.18520E-05
   10120.0  2.15640E-05
   10140.0  2.36000E-05
   10160.0  2.43300E-05
   10180.0  2.54920E-05
   10200.0  2.64500E-05
   10220.0  2.74880E-05
   10240.0  2.92560E-05
   10260.0  2.94580E-05
   10280.0  3.16920E-05
   10300.0  3.44700E-05
   10320.0  3.50620E-05
   10340.0  3.56400E-05
   10360.0  3.72600E-05
   10380.0  3.88180E-05
   10400.0  4.11180E-05
   10420.0  4.30900E-05
   10440.0  4.40340E-05
   10460.0  4.68380E-05
   10480.0  5.00380E-05
   10500.0  5.12320E-05
   10520.0  5.18380E-05
   10540.0  5.54800E-05
   10560.0  5.92720E-05
   10580.0  6.09280E-05
   10600.0  6.19180E-05
   10620.0  6.55100E-05
   10640.0  6.94680E-05
   10660.0  7.15480E-05
   10680.0  7.32840E-05
   10700.0  7.89660E-05
   10720.0  8.30320E-05
   10740.0  8.60840E-05
   10760.0  8.90000E-05
   10780.0  8.91920E-05
   10800.0  9.54420E-05
   10820.0  1.00704E-04
   10840.0  1.03042E-04
   10860.0  1.09008E-04
   10880.0  1.15228E-04
   10900.0  1.19286E-04
   10920.0  1.23356E-04
   10940.0  1.25098E-04
   10960.0  1.33984E-04
   10980.0  1.40784E-04
   11000.0  1.45772E-04
   11020.0  1.50730E-04
   11040.0  1.53608E-04
   11060.0  1.63644E-04
   11080.0  1.74994E-04
   11100.0  1.85356E-04
   11120.0  1.86070E-04
   11140.0  1.89660E-04
   11160.0  1.95662E-04
   11180.0  1.97664E-04
   11200.0  2.14992E-04
   11220.0  2.29150E-04
   11240.0  2.40758E-04
   11260.0  2.49840E-04
   11280.0  2.63020E-04
   11300.0  2.41658E-04
   11320.0  2.52020E-04
   11340.0  2.95334E-04
   11360.0  3.03330E-04
   11380.0  3.08908E-04
   11400.0  3.20078E-04
   11420.0  3.29620E-04
   11440.0  3.49270E-04
   11460.0  3.61822E-04
   11480.0  3.69802E-04
   11500.0  3.77496E-04
   11520.0  4.08514E-04
   11540.0  4.25002E-04
   11560.0  4.38406E-04
   11580.0  4.55380E-04
   11600.0  4.75268E-04
   11620.0  4.87954E-04
   11640.0  5.07424E-04
   11660.0  5.29638E-04
   11680.0  5.50298E-04
   11700.0  5.63488E-04
   11720.0  5.82984E-04
   11740.0  5.99798E-04
   11760.0  6.03698E-04
   11780.0  6.53480E-04
   11800.0  6.86244E-04
   11820.0  7.16992E-04
   11840.0  7.56162E-04
   11860.0  8.02828E-04
   11880.0  8.83846E-04
   11900.0  8.37136E-04
   11920.0  8.65064E-04
   11940.0  8.83208E-04
   11960.0  8.85150E-04
   11980.0  9.35154E-04
   12000.0  1.01922E-03
   12020.0  1.05410E-03
   12040.0  1.09309E-03
   12060.0  1.11907E-03
   12080.0  1.15686E-03
   12100.0  1.18467E-03
   12120.0  1.22416E-03
   12140.0  1.25952E-03
   12160.0  1.30756E-03
   12180.0  1.36503E-03
   12200.0  1.46398E-03
   12220.0  1.43739E-03
   12240.0  1.48866E-03
   12260.0  1.54634E-03
   12280.0  1.60255E-03
   12300.0  1.67912E-03
   12320.0  1.75023E-03
   12340.0  1.83255E-03
   12360.0  1.89421E-03
   12380.0  1.97680E-03
   12400.0  2.03974E-03
   12420.0  2.08667E-03
   12440.0  2.09722E-03
   12460.0  2.29832E-03
   12480.0  2.36855E-03
   12500.0  2.44346E-03
   12520.0  2.52263E-03
   12540.0  2.60584E-03
   12560.0  2.67728E-03
   12580.0  2.77976E-03
   12600.0  2.90831E-03
   12620.0  3.05578E-03
   12640.0  2.99641E-03
   12660.0  3.12194E-03
   12680.0  3.27173E-03
   12700.0  3.46262E-03
   12720.0  3.43659E-03
   12740.0  3.63240E-03
   12760.0  3.81495E-03
   12780.0  3.82326E-03
   12800.0  3.94642E-03
   12820.0  4.10010E-03
   12840.0  4.24361E-03
   12860.0  4.34967E-03
   12880.0  4.43235E-03
   12900.0  4.78209E-03
   12920.0  4.91824E-03
   12940.0  5.10541E-03
   12960.0  5.22099E-03
   12980.0  5.32365E-03
   13000.0  5.36599E-03
   13020.0  5.79292E-03
   13040.0  5.98657E-03
   13060.0  6.28567E-03
   13080.0  6.51811E-03
   13100.0  6.45373E-03
   13120.0  6.64344E-03
   13140.0  6.95392E-03
   13160.0  7.18590E-03
   13180.0  7.19890E-03
   13200.0  7.42494E-03
   13220.0  7.81132E-03
   13240.0  8.11713E-03
   13260.0  8.13299E-03
   13280.0  8.56857E-03
   13300.0  8.92734E-03
   13320.0  8.85105E-03
   13340.0  9.16367E-03
   13360.0  9.49905E-03
   13380.0  9.84467E-03
   13400.0  1.02815E-02
   13420.0  1.05890E-02
   13440.0  1.07023E-02
   13460.0  1.14722E-02
   13480.0  1.18684E-02
   13500.0  1.12213E-02
   13520.0  1.15061E-02
   13540.0  1.35194E-02
   13560.0  1.29011E-02
   13580.0  1.15095E-02
   13600.0  1.27697E-02
   13620.0  1.46615E-02
   13640.0  1.27282E-02
   13660.0  1.20485E-02
   13680.0  1.41698E-02
   13700.0  1.79463E-02
   13720.0  2.14640E-02
   13740.0  1.97112E-02
   13760.0  1.51824E-02
   13780.0  1.16781E-02
   13800.0  1.31838E-02
   13820.0  1.94044E-02
   13840.0  2.07646E-02
   13860.0  2.17276E-02
   13880.0  2.09708E-02
   13900.0  1.81670E-02
   13920.0  1.84341E-02
   13940.0  2.11048E-02
   13960.0  2.12087E-02
   13980.0  2.06458E-02
   14000.0  2.43819E-02
   14020.0  2.14522E-02
   14040.0  2.17902E-02
   14060.0  2.45002E-02
   14080.0  2.64425E-02
   14100.0  2.44725E-02
   14120.0  2.51297E-02
   14140.0  2.71370E-02
   14160.0  2.57903E-02
   14180.0  2.76030E-02
   14200.0  2.86309E-02
   14220.0  2.88821E-02
   14240.0  2.95554E-02
   14260.0  2.96274E-02
   14280.0  3.01363E-02
   14300.0  3.14615E-02
   14320.0  3.33102E-02
   14340.0  3.27196E-02
   14360.0  3.27810E-02
   14380.0  3.34847E-02
   14400.0  3.38903E-02
   14420.0  3.41704E-02
   14440.0  3.63202E-02
   14460.0  3.67035E-02
   14480.0  3.73643E-02
   14500.0  4.03453E-02
   14520.0  4.01551E-02
   14540.0  3.97794E-02
   14560.0  4.08442E-02
   14580.0  4.26069E-02
   14600.0  4.28006E-02
   14620.0  4.26846E-02
   14640.0  4.37104E-02
   14660.0  4.43588E-02
   14680.0  4.59321E-02
   14700.0  4.80831E-02
   14720.0  4.89738E-02
   14740.0  4.87155E-02
   14760.0  4.98543E-02
   14780.0  5.13285E-02
   14800.0  5.28688E-02
   14820.0  5.35372E-02
   14840.0  5.43200E-02
   14860.0  5.54088E-02
   14880.0  5.64730E-02
   14900.0  5.74549E-02
   14920.0  5.81943E-02
   14940.0  5.89570E-02
   14960.0  6.01294E-02
   14980.0  6.11190E-02
   15000.0  6.21575E-02
   15020.0  6.31855E-02
   15040.0  6.47416E-02
   15060.0  6.64666E-02
   15080.0  6.96194E-02
   15100.0  6.83649E-02
   15120.0  6.88248E-02
   15140.0  7.00917E-02
   15160.0  7.23569E-02
   15180.0  7.53134E-02
   15200.0  7.42271E-02
   15220.0  7.43113E-02
   15240.0  7.59807E-02
   15260.0  7.72105E-02
   15280.0  7.83274E-02
   15300.0  7.97835E-02
   15320.0  8.19878E-02
   15340.0  8.44272E-02
   15360.0  8.84739E-02
   15380.0  8.58289E-02
   15400.0  8.67997E-02
   15420.0  8.78512E-02
   15440.0  8.93679E-02
   15460.0  9.05240E-02
   15480.0  9.20733E-02
   15500.0  9.31859E-02
   15520.0  9.48834E-02
   15540.0  9.63438E-02
   15560.0  9.83191E-02
   15580.0  1.00576E-01
   15600.0  1.05614E-01
   15620.0  1.02087E-01
   15640.0  1.02629E-01
   15660.0  1.03755E-01
   15680.0  1.05940E-01
   15700.0  1.08359E-01
   15720.0  1.13422E-01
   15740.0  1.09733E-01
   15760.0  1.11398E-01
   15780.0  1.13905E-01
   15800.0  1.19385E-01
   15820.0  1.14838E-01
   15840.0  1.16199E-01
   15860.0  1.18109E-01
   15880.0  1.21375E-01
   15900.0  1.26773E-01
   15920.0  1.23080E-01
   15940.0  1.25260E-01
   15960.0  1.31529E-01
   15980.0  1.26563E-01
   16000.0  1.28234E-01
   16020.0  1.29527E-01
   16040.0  1.31472E-01
   16060.0  1.33502E-01
   16080.0  1.38637E-01
   16100.0  1.44726E-01
   16120.0  1.38794E-01
   16140.0  1.39643E-01
   16160.0  1.41367E-01
   16180.0  1.43197E-01
   16200.0  1.44555E-01
   16220.0  1.45972E-01
   16240.0  1.47765E-01
   16260.0  1.49134E-01
   16280.0  1.50886E-01
   16300.0  1.53030E-01
   16320.0  1.55716E-01
   16340.0  1.59581E-01
   16360.0  1.65070E-01
   16380.0  1.57932E-01
   16400.0  1.59649E-01
   16420.0  1.60009E-01
   16440.0  1.63567E-01
   16460.0  1.63563E-01
   16480.0  1.66485E-01
   16500.0  1.67447E-01
   16520.0  1.72426E-01
   16540.0  1.77266E-01
   16560.0  1.70855E-01
   16580.0  1.71906E-01
   16600.0  1.74855E-01
   16620.0  1.76883E-01
   16640.0  1.81314E-01
   16660.0  1.89640E-01
   16680.0  2.02986E-01
   16700.0  1.83466E-01
   16720.0  1.85008E-01
   16740.0  1.85298E-01
   16760.0  1.88442E-01
   16780.0  1.88200E-01
   16800.0  1.89788E-01
   16820.0  1.91038E-01
   16840.0  1.92380E-01
   16860.0  1.92903E-01
   16880.0  1.94628E-01
   16900.0  1.96594E-01
   16920.0  2.01735E-01
   16940.0  2.05940E-01
   16960.0  1.98487E-01
   16980.0  2.00065E-01
   17000.0  2.03648E-01
   17020.0  2.06890E-01
   17040.0  2.11716E-01
   17060.0  2.05096E-01
   17080.0  2.08713E-01
   17100.0  2.13868E-01
   17120.0  2.17017E-01
   17140.0  2.08506E-01
   17160.0  2.11705E-01
   17180.0  2.15426E-01
   17200.0  2.20953E-01
   17220.0  2.24482E-01
   17240.0  2.18490E-01
   17260.0  2.21459E-01
   17280.0  2.26440E-01
   17300.0  2.29132E-01
   17320.0  2.23536E-01
   17340.0  2.25571E-01
   17360.0  2.27475E-01
   17380.0  2.28789E-01
   17400.0  2.29521E-01
   17420.0  2.30125E-01
   17440.0  2.32204E-01
   17460.0  2.34232E-01
   17480.0  2.37757E-01
   17500.0  2.41199E-01
   17520.0  2.46929E-01
   17540.0  2.47293E-01
   17560.0  2.40067E-01
   17580.0  2.40517E-01
   17600.0  2.41769E-01
   17620.0  2.43556E-01
   17640.0  2.46467E-01
   17660.0  2.46667E-01
   17680.0  2.46120E-01
   17700.0  2.46887E-01
   17720.0  2.48564E-01
   17740.0  2.48237E-01
   17760.0  2.54414E-01
   17780.0  2.64373E-01
   17800.0  2.59604E-01
   17820.0  2.56105E-01
   17840.0  2.57232E-01
   17860.0  2.56720E-01
   17880.0  2.53596E-01
   17900.0  2.54165E-01
   17920.0  2.65800E-01
   17940.0  2.73916E-01
   17960.0  2.66427E-01
   17980.0  2.62924E-01
   18000.0  2.62929E-01
   18020.0  2.60361E-01
   18040.0  2.70348E-01
   18060.0  2.75915E-01
   18080.0  2.70841E-01
   18100.0  2.79320E-01
   18120.0  2.84927E-01
   18140.0  2.65939E-01
   18160.0  2.34249E-01
   18180.0  2.57935E-01
   18200.0  3.25361E-01
   18220.0  2.93284E-01
   18240.0  2.39245E-01
   18260.0  2.46189E-01
   18280.0  2.97195E-01
   18300.0  3.31145E-01
   18320.0  2.93482E-01
   18340.0  2.45157E-01
   18360.0  2.23168E-01
   18380.0  2.70280E-01
   18400.0  3.81049E-01
   18420.0  3.13075E-01
   18440.0  1.94945E-01
   18460.0  2.28603E-01
   18480.0  3.36107E-01
   18500.0  3.30161E-01
   18520.0  3.18872E-01
   18540.0  2.38109E-01
   18560.0  2.07914E-01
   18580.0  2.80285E-01
   18600.0  4.01341E-01
   18620.0  4.00970E-01
   18640.0  2.84559E-01
   18660.0  2.33008E-01
   18680.0  2.33122E-01
   18700.0  2.60991E-01
   18720.0  2.92908E-01
   18740.0  3.24998E-01
   18760.0  3.30283E-01
   18780.0  2.99050E-01
   18800.0  2.80086E-01
   18820.0  3.32081E-01
   18840.0  3.39929E-01
   18860.0  2.45702E-01
   18880.0  2.37826E-01
   18900.0  3.33445E-01
   18920.0  3.99654E-01
   18940.0  3.09239E-01
   18960.0  2.74149E-01
   18980.0  2.98684E-01
   19000.0  2.78208E-01
   19020.0  2.74544E-01
   19040.0  3.32474E-01
   19060.0  3.40748E-01
   19080.0  2.84216E-01
   19100.0  2.89190E-01
   19120.0  3.43675E-01
   19140.0  3.27478E-01
   19160.0  2.86773E-01
   19180.0  2.99360E-01
   19200.0  3.26482E-01
   19220.0  3.20469E-01
   19240.0  2.82801E-01
   19260.0  3.02138E-01
   19280.0  3.24336E-01
   19300.0  3.33383E-01
   19320.0  3.19785E-01
   19340.0  3.10874E-01
   19360.0  3.01786E-01
   19380.0  3.13851E-01
   19400.0  3.28338E-01
   19420.0  3.01554E-01
   19440.0  3.25407E-01
   19460.0  3.26861E-01
   19480.0  2.99913E-01
   19500.0  3.24665E-01
   19520.0  3.29535E-01
   19540.0  3.30646E-01
   19560.0  3.18765E-01
   19580.0  3.02468E-01
   19600.0  3.20516E-01
   19620.0  3.12670E-01
   19640.0  3.28651E-01
   19660.0  3.28755E-01
   19680.0  3.25698E-01
   19700.0  3.26516E-01
   19720.0  3.22492E-01
   19740.0  3.08762E-01
   19760.0  3.24374E-01
   19780.0  3.29679E-01
   19800.0  3.27450E-01
   19820.0  3.26512E-01
   19840.0  3.29030E-01
   19860.0  3.26729E-01
   19880.0  3.26686E-01
   19900.0  3.26915E-01
   19920.0  3.26697E-01
   19940.0  3.26831E-01
   19960.0  3.27766E-01
   19980.0  3.30391E-01
   20000.0  3.37143E-01
