-19.406
    1900.0  2.41040E-05
    1950.0  2.80600E-06
    2000.0  2.12980E-05
    2010.0  3.20640E-05
    2020.0 -3.51600E-06
    2030.0  1.02240E-05
    2040.0  1.12420E-05
    2050.0  1.78360E-05
    2060.0  5.02800E-06
    2070.0 -6.31200E-06
    2080.0  1.51800E-05
    2090.0  6.24400E-06
    2100.0 -8.54200E-06
    2110.0  2.10900E-05
    2120.0 -5.62200E-06
    2130.0  1.85600E-05
    2140.0 -2.54000E-07
    2150.0 -5.04000E-07
    2160.0  1.52400E-05
    2170.0 -6.96000E-06
    2180.0  1.92880E-05
    2190.0  4.42800E-06
    2200.0  1.95780E-05
    2210.0  8.04200E-06
    2220.0  9.94000E-06
    2230.0  2.75120E-05
    2240.0 -5.28600E-06
    2250.0  1.05300E-05
    2260.0  3.59860E-05
    2270.0  6.62380E-05
    2280.0  1.40524E-04
    2290.0  3.14674E-04
    2300.0  6.35466E-04
    2310.0  1.26026E-03
    2320.0  2.28833E-03
    2330.0  3.92218E-03
    2340.0  6.38369E-03
    2350.0  9.85962E-03
    2360.0  1.45710E-02
    2370.0  2.06669E-02
    2380.0  2.83352E-02
    2390.0  3.75659E-02
    2400.0  4.84641E-02
    2410.0  6.09567E-02
    2420.0  7.49364E-02
    2430.0  9.04560E-02
    2440.0  1.07156E-01
    2450.0  1.24982E-01
    2460.0  1.43392E-01
    2470.0  1.62442E-01
    2480.0  1.81839E-01
    2490.0  2.01146E-01
    2500.0  2.20423E-01
    2510.0  2.39325E-01
    2520.0  2.57797E-01
    2530.0  2.75692E-01
    2540.0  2.92855E-01
    2550.0  3.09264E-01
    2560.0  3.24637E-01
    2570.0  3.39145E-01
    2580.0  3.52567E-01
    2590.0  3.64701E-01
    2600.0  3.75718E-01
    2610.0  3.85805E-01
    2620.0  3.95056E-01
    2630.0  4.03693E-01
    2640.0  4.11680E-01
    2650.0  4.18643E-01
    2660.0  4.24800E-01
    2670.0  4.30010E-01
    2680.0  4.34282E-01
    2690.0  4.38212E-01
    2700.0  4.42567E-01
    2710.0  4.47094E-01
    2720.0  4.51745E-01
    2730.0  4.55612E-01
    2740.0  4.58413E-01
    2750.0  4.60421E-01
    2760.0  4.61837E-01
    2770.0  4.62733E-01
    2780.0  4.63148E-01
    2790.0  4.63127E-01
    2800.0  4.62707E-01
    2810.0  4.62106E-01
    2820.0  4.61306E-01
    2830.0  4.60446E-01
    2840.0  4.59507E-01
    2850.0  4.58596E-01
    2860.0  4.57762E-01
    2870.0  4.56834E-01
    2880.0  4.55805E-01
    2890.0  4.54593E-01
    2900.0  4.53190E-01
    2910.0  4.51473E-01
    2920.0  4.49606E-01
    2930.0  4.47682E-01
    2940.0  4.45701E-01
    2950.0  4.43617E-01
    2960.0  4.41487E-01
    2970.0  4.39315E-01
    2980.0  4.37179E-01
    2990.0  4.34891E-01
    3000.0  4.32567E-01
    3010.0  4.30233E-01
    3020.0  4.27841E-01
    3030.0  4.25295E-01
    3040.0  4.22630E-01
    3050.0  4.19934E-01
    3060.0  4.17147E-01
    3070.0  4.14231E-01
    3080.0  4.11233E-01
    3090.0  4.07908E-01
    3100.0  4.04563E-01
    3110.0  4.01009E-01
    3120.0  3.97355E-01
    3130.0  3.93513E-01
    3140.0  3.89580E-01
    3150.0  3.85487E-01
    3160.0  3.81169E-01
    3170.0  3.76599E-01
    3180.0  3.71783E-01
    3190.0  3.66714E-01
    3200.0  3.61614E-01
    3210.0  3.56390E-01
    3220.0  3.51001E-01
    3230.0  3.45453E-01
    3240.0  3.39773E-01
    3250.0  3.33901E-01
    3260.0  3.27859E-01
    3270.0  3.21806E-01
    3280.0  3.15638E-01
    3290.0  3.09273E-01
    3300.0  3.02831E-01
    3310.0  2.96292E-01
    3320.0  2.89633E-01
    3330.0  2.82953E-01
    3340.0  2.76285E-01
    3350.0  2.69487E-01
    3360.0  2.62671E-01
    3370.0  2.55896E-01
    3380.0  2.49104E-01
    3390.0  2.42361E-01
    3400.0  2.35687E-01
    3410.0  2.29084E-01
    3420.0  2.22518E-01
    3430.0  2.16018E-01
    3440.0  2.09609E-01
    3450.0  2.03328E-01
    3460.0  1.97117E-01
    3470.0  1.90991E-01
    3480.0  1.85033E-01
    3490.0  1.79142E-01
    3500.0  1.73369E-01
    3510.0  1.67698E-01
    3520.0  1.62118E-01
    3530.0  1.56623E-01
    3540.0  1.51266E-01
    3550.0  1.46011E-01
    3560.0  1.40872E-01
    3570.0  1.35882E-01
    3580.0  1.30935E-01
    3590.0  1.26123E-01
    3600.0  1.21448E-01
    3610.0  1.16830E-01
    3620.0  1.12322E-01
    3630.0  1.07928E-01
    3640.0  1.03617E-01
    3650.0  9.94002E-02
    3660.0  9.52850E-02
    3670.0  9.12746E-02
    3680.0  8.73361E-02
    3690.0  8.35171E-02
    3700.0  7.98166E-02
    3710.0  7.61308E-02
    3720.0  7.25407E-02
    3730.0  6.90222E-02
    3740.0  6.55469E-02
    3750.0  6.21412E-02
    3760.0  5.87953E-02
    3770.0  5.55045E-02
    3780.0  5.19161E-02
    3790.0  4.84943E-02
    3800.0  4.52745E-02
    3810.0  4.20596E-02
    3820.0  3.88821E-02
    3830.0  3.57953E-02
    3840.0  3.27799E-02
    3850.0  2.98087E-02
    3860.0  2.69738E-02
    3870.0  2.42527E-02
    3880.0  2.16474E-02
    3890.0  1.91793E-02
    3900.0  1.68445E-02
    3910.0  1.46967E-02
    3920.0  1.26907E-02
    3930.0  1.08580E-02
    3940.0  9.21791E-03
    3950.0  7.74531E-03
    3960.0  6.45838E-03
    3970.0  5.33527E-03
    3980.0  4.38460E-03
    3990.0  3.54535E-03
    4000.0  2.87655E-03
    4010.0  2.30322E-03
    4020.0  1.82146E-03
    4030.0  1.45189E-03
    4040.0  1.12590E-03
    4050.0  8.74138E-04
    4060.0  6.84800E-04
    4070.0  5.29280E-04
    4080.0  4.12526E-04
    4090.0  3.35980E-04
    4100.0  2.50092E-04
    4110.0  1.88504E-04
    4120.0  1.50464E-04
    4130.0  1.25170E-04
    4140.0  7.93340E-05
    4150.0  7.01820E-05
    4160.0  4.98300E-05
    4170.0  4.21880E-05
    4180.0  4.51400E-05
    4190.0  2.28880E-05
    4200.0  3.34800E-05
    4210.0  1.41920E-05
    4220.0  1.03740E-05
    4230.0  1.92660E-05
    4240.0  2.15840E-05
    4250.0  6.98000E-06
    4260.0  5.92400E-06
    4270.0  1.31160E-05
    4280.0  8.67200E-06
    4290.0 -5.50000E-06
    4300.0  9.72200E-06
    4310.0 -1.26800E-06
    4320.0  3.80400E-06
    4330.0 -1.48000E-06
    4340.0 -2.32200E-06
    4350.0  7.60000E-06
    4360.0 -8.86800E-06
    4370.0  1.24540E-05
    4380.0  1.05400E-06
    4390.0 -1.77200E-05
    4400.0  1.26400E-06
    4410.0 -3.79600E-06
    4420.0  8.43200E-06
    4430.0 -2.10000E-07
    4440.0 -4.20000E-07
    4450.0  9.05800E-06
    4460.0 -9.90200E-06
    4470.0  1.36940E-05
    4480.0 -3.28660E-05
    4490.0  4.00200E-06
    4500.0 -4.00000E-06
    4550.0  2.24000E-06
    4600.0  1.13180E-05
    4650.0  8.75200E-06
    4700.0 -2.45100E-06
    4750.0 -7.67600E-06
    4800.0 -9.37800E-06
    4850.0 -7.24400E-06
    4900.0  9.15400E-06
    4950.0 -5.29000E-07
    5000.0  0.00000E+00
    5050.0  5.52200E-06
    5100.0 -5.95200E-06
    5150.0 -3.29800E-06
    5200.0 -8.08400E-06
    5250.0  6.38000E-07
    5300.0  1.46900E-05
    5350.0  1.42680E-05
    5400.0 -6.60400E-06
    5450.0 -4.90200E-06
    5500.0 -4.28000E-07
    5550.0  1.06800E-06
    5600.0  5.75400E-06
    5650.0  1.70600E-06
    5700.0 -2.45400E-06
    5750.0  1.92000E-06
    5800.0  1.74940E-05
    5850.0  2.98600E-06
    5900.0  2.19780E-05
    5950.0 -8.53800E-06
    6000.0 -6.40000E-07
    6050.0  9.19200E-06
    6100.0  3.42400E-06
    6150.0 -7.07000E-06
    6200.0  3.23000E-07
    6250.0 -8.60000E-07
    6300.0  1.03240E-05
    6350.0  2.62660E-05
    6400.0 -1.31540E-05
    6450.0 -8.64000E-07
    6500.0 -2.81200E-06
    6550.0 -5.85200E-06
    6600.0 -3.91000E-06
    6650.0  4.35500E-06
    6700.0  5.01800E-06
    6750.0  4.11140E-05
    6800.0  8.22260E-05
    6850.0  1.15660E-04
    6900.0  1.82280E-04
    6950.0  2.38718E-04
    7000.0  2.88668E-04
    7050.0  3.44602E-04
    7100.0  3.35344E-04
    7150.0  3.55850E-04
    7200.0  3.65200E-04
    7250.0  3.59268E-04
    7300.0  3.38238E-04
    7350.0  3.19222E-04
    7400.0  3.19658E-04
    7450.0  2.65256E-04
    7500.0  2.44690E-04
    7550.0  2.58714E-04
    7600.0  2.40316E-04
    7650.0  2.12290E-04
    7700.0  1.93596E-04
    7750.0  1.82380E-04
    7800.0  1.79878E-04
    7850.0  1.85616E-04
    7900.0  1.58538E-04
    7950.0  1.63294E-04
    8000.0  1.45842E-04
    8050.0  1.48828E-04
    8100.0  1.53662E-04
    8150.0  1.55574E-04
    8200.0  1.52180E-04
    8250.0  1.14488E-04
    8300.0  1.08544E-04
    8350.0  1.29732E-04
    8400.0  1.75586E-04
    8450.0  1.36180E-04
    8500.0  1.47352E-04
    8550.0  1.71822E-04
    8600.0  1.54766E-04
    8650.0  5.39000E-05
    8700.0  1.70732E-04
    8750.0  2.87840E-04
    8800.0  1.63800E-04
    8850.0 -6.14260E-05
    8900.0  4.51800E-06
    8950.0  1.51306E-04
    9000.0  2.96936E-04
    9050.0  2.89242E-04
    9100.0  1.25370E-04
    9150.0  1.18876E-04
    9200.0  1.13406E-04
    9250.0  7.56340E-05
    9300.0  1.53680E-05
    9350.0  1.14548E-04
    9400.0  3.11992E-04
    9450.0  3.00292E-04
    9500.0  1.82182E-04
    9550.0  1.56186E-04
    9600.0  1.57220E-04
    9650.0  1.73636E-04
    9700.0  1.69910E-04
    9750.0  1.41086E-04
    9800.0  1.24888E-04
    9850.0  9.78320E-05
    9900.0  4.92160E-05
    9950.0  1.76912E-04
   10000.0  3.72966E-04
   10050.0  3.99218E-04
   10100.0  1.18408E-04
   10150.0 -1.94964E-04
   10200.0  7.15680E-05
   10250.0  3.63088E-04
   10300.0  3.45682E-04
   10350.0  1.92514E-04
   10400.0 -1.76740E-04
   10450.0  5.85080E-05
   10500.0  3.10088E-04
   10550.0  1.58142E-04
   10600.0  2.97694E-04
   10650.0  1.46876E-04
   10700.0  9.25160E-05
   10750.0  2.41174E-04
   10800.0 -3.48040E-05
   10850.0  1.28336E-04
   10900.0  2.51732E-04
   10950.0  1.34730E-04
   11000.0  1.78710E-04
   11050.0  1.61488E-04
   11100.0  3.06740E-05
   11150.0 -2.29754E-04
   11200.0  1.49232E-04
   11250.0  4.29988E-04
   11300.0  6.87240E-05
   11350.0 -9.03320E-05
   11400.0 -8.83480E-05
   11450.0  1.16486E-04
   11500.0  1.36760E-05
   11550.0  2.20060E-05
   11600.0  1.66536E-04
   11650.0  3.79760E-04
   11700.0  1.84586E-04
   11750.0 -1.74540E-05
   11800.0 -1.82460E-05
   11850.0  1.07704E-04
   11900.0 -1.45800E-05
   11950.0 -4.16560E-05
   12000.0  1.57722E-04
   12050.0  8.35580E-05
   12100.0  3.77200E-05
   12150.0  7.44480E-05
   12200.0  4.66460E-05
   12250.0  3.57200E-06
   12300.0 -3.98740E-05
   12350.0  3.45200E-05
   12400.0  5.95400E-06
   12450.0 -1.54820E-05
   12500.0 -1.97450E-05
   12550.0 -1.19000E-06
   12600.0  6.74800E-06
   12650.0 -1.78600E-06
   12700.0  1.78600E-06
   12750.0  1.40860E-05
   12800.0 -1.18800E-06
   12850.0 -1.40800E-05
   12900.0 -1.64620E-05
   12950.0 -3.73000E-05
   13000.0 -2.48040E-05
   13050.0  6.74820E-05
   13100.0  7.22160E-05
   13150.0 -1.78400E-06
   13200.0 -6.42460E-05
   13250.0 -1.59660E-04
   13300.0 -6.94600E-06
   13350.0  9.71620E-05
   13400.0  1.94800E-05
   13450.0  2.18280E-05
   13500.0  5.60180E-05
   13550.0 -1.00860E-05
   13600.0 -6.35600E-06
   13650.0 -1.50920E-05
   13700.0 -1.74700E-05
   13750.0  1.50380E-05
   13800.0 -9.94800E-06
   13850.0  1.74780E-05
   13900.0  4.03820E-05
   13950.0  2.08000E-05
   14000.0  7.25620E-05
   14050.0 -1.04228E-04
   14100.0 -2.10570E-04
   14150.0 -3.59100E-05
   14200.0  3.88900E-05
   14250.0 -1.66284E-04
   14300.0  6.11802E-04
   14350.0  2.44376E-04
   14400.0 -3.34062E-04
   14450.0 -1.25446E-04
   14500.0 -2.52938E-04
   14550.0  3.17600E-06
   14600.0  1.02874E-04
   14650.0  2.67592E-04
   14700.0 -4.74660E-05
   14750.0 -1.70558E-04
   14800.0  5.81880E-05
   14850.0  1.40610E-04
   14900.0  1.69190E-04
   14950.0  3.25720E-05
   15000.0 -1.65066E-04
   15050.0 -3.52368E-04
   15100.0 -3.51740E-05
   15150.0  3.88514E-04
   15200.0  5.16400E-06
   15250.0 -3.10470E-04
   15300.0  2.20966E-04
   15350.0  2.84200E-05
   15400.0 -1.32202E-04
   15450.0 -3.20802E-04
   15500.0  6.87800E-05
   15550.0  1.91240E-04
   15600.0  1.80514E-04
   15650.0  1.20910E-04
   15700.0 -2.24436E-04
   15750.0 -1.67708E-04
   15800.0  2.67688E-04
   15850.0 -9.96000E-07
   15900.0  1.20556E-04
   15950.0 -3.12658E-04
   16000.0 -7.66120E-05
   16050.0  2.24208E-04
   16100.0  5.11420E-05
   16150.0 -1.43510E-04
   16200.0 -4.82616E-04
   16250.0  8.51760E-05
   16300.0  6.11080E-05
   16350.0  1.48920E-04
   16400.0 -2.40960E-05
   16450.0  3.09700E-04
   16500.0  2.26702E-04
   16550.0  4.67780E-05
   16600.0 -6.70860E-05
   16650.0 -1.15892E-04
   16700.0  2.11040E-05
   16750.0  2.84740E-05
   16800.0 -1.69260E-05
   16850.0 -1.81648E-04
   16900.0  9.69620E-05
   16950.0  4.40060E-05
   17000.0 -3.04740E-05
   17050.0  2.46920E-05
   17100.0 -2.28702E-04
   17150.0 -1.04174E-04
   17200.0  2.90780E-05
   17250.0  3.61134E-04
   17300.0  5.61420E-05
   17350.0  9.85540E-05
   17400.0  2.96700E-05
   17450.0 -1.27866E-04
   17500.0 -2.83698E-04
   17550.0 -1.52744E-04
   17600.0  1.07292E-04
   17650.0  5.93040E-05
   17700.0  1.53206E-04
   17750.0  9.27840E-05
   17800.0 -3.48760E-05
   17850.0 -3.74680E-05
   17900.0 -6.01780E-05
   17950.0 -3.06840E-05
   18000.0  6.03600E-05
   18050.0  3.02680E-05
   18100.0 -1.57260E-05
   18150.0 -1.39440E-05
   18200.0  7.45620E-05
   18250.0  3.52260E-05
   18300.0 -1.50030E-04
   18350.0  2.92240E-05
   18400.0  3.98200E-06
   18450.0 -2.04840E-05
   18500.0 -3.83280E-05
   18550.0  1.11860E-05
   18600.0  1.82980E-05
   18650.0  2.57400E-06
   18700.0 -2.64520E-05
   18750.0 -9.77200E-06
   18800.0  6.48900E-05
   18850.0  3.14900E-05
   18900.0  1.13782E-04
   18950.0  2.80080E-05
   19000.0 -1.99220E-04
   19050.0 -1.01656E-04
   19100.0 -2.18540E-05
   19150.0  4.09360E-05
   19200.0  8.30260E-05
   19250.0  1.15086E-04
   19300.0  2.14432E-04
   19350.0 -7.15640E-05
   19400.0 -1.26548E-04
   19450.0  1.34582E-04
   19500.0 -1.76778E-04
   19550.0 -9.58520E-05
   19600.0  1.83880E-04
   19650.0  1.31212E-04
   19700.0 -5.58760E-05
   19750.0 -1.29084E-04
   19800.0 -8.73080E-05
   19850.0  3.10220E-05
   19900.0  3.38040E-05
   19950.0  8.23120E-05
   20000.0  1.05578E-04
   20050.0 -2.96260E-05
   20100.0 -2.41404E-04
   20150.0 -2.50520E-05
   20200.0  1.91608E-04
   20250.0  2.94200E-05
   20300.0 -5.36800E-05
   20350.0  2.56420E-05
   20400.0  4.61020E-05
   20450.0 -7.81140E-05
   20500.0  2.00720E-05
   20550.0  6.83560E-05
   20600.0 -2.22220E-04
   20650.0  9.55940E-05
   20700.0  5.66400E-05
   20750.0 -5.10680E-05
   20800.0  2.07394E-04
   20850.0 -4.33260E-05
   20900.0  8.84140E-05
   20950.0  6.23740E-05
   21000.0 -1.96942E-04
   21050.0 -2.40500E-05
   21100.0  1.33496E-04
   21150.0 -6.16000E-06
   21200.0 -1.85790E-04
   21250.0 -1.89562E-04
   21300.0  2.06600E-05
   21350.0  3.54524E-04
   21400.0  2.18664E-04
   21450.0 -2.31458E-04
   21500.0 -1.59952E-04
   21550.0  2.98532E-04
   21600.0  1.96422E-04
   21650.0  2.18400E-06
   21700.0 -2.15178E-04
   21750.0 -1.88776E-04
   21800.0 -9.21920E-05
   21850.0  2.53036E-04
   21900.0  1.84118E-04
   21950.0 -1.18022E-04
   22000.0 -1.13256E-04
   22050.0  6.01880E-05
   22100.0  2.06620E-05
   22150.0 -2.26154E-04
   22200.0  5.66220E-05
   22250.0  2.55296E-04
   22300.0  2.19952E-04
   22350.0 -2.59398E-04
   22400.0 -2.24818E-04
   22450.0  2.39442E-04
   22500.0  2.57338E-04
   22550.0 -2.11934E-04
   22600.0 -2.34810E-04
   22650.0 -1.19400E-06
   22700.0  2.65338E-04
   22750.0  1.31194E-04
   22800.0 -1.25880E-04
   22850.0 -1.40998E-04
   22900.0  1.03578E-04
   22950.0 -5.17000E-06
   23000.0  1.59472E-04
   23050.0 -1.00644E-04
   23100.0  1.50944E-04
   23150.0 -5.47060E-05
   23200.0  1.19134E-04
   23250.0  9.96000E-07
   23300.0 -2.36796E-04
   23350.0  1.10030E-04
   23400.0 -1.47478E-04
   23450.0  8.63520E-05
   23500.0  1.84652E-04
   23550.0 -4.57740E-05
   23600.0 -2.01270E-04
   23650.0  5.75200E-05
   23700.0  1.76162E-04
   23750.0 -1.62094E-04
   23800.0  1.06102E-04
   23850.0  1.59088E-04
   23900.0 -5.83460E-05
   23950.0 -2.17918E-04
   24000.0  8.64260E-05
   24050.0 -1.00598E-04
   24100.0  1.43176E-04
   24150.0  1.47410E-04
   24200.0 -1.10210E-04
   24250.0  1.23930E-04
   24300.0  1.76086E-04
   24350.0 -1.63654E-04
   24400.0 -6.50630E-05
   24450.0 -5.87900E-05
   24500.0 -1.41578E-04
   24550.0  8.41360E-05
   24600.0 -3.26960E-05
   24650.0  2.00850E-04
   24700.0  2.47200E-04
   24750.0 -2.50870E-04
   24800.0 -2.48874E-04
   24850.0 -1.60592E-04
   24900.0  3.47806E-04
   24950.0  4.01102E-04
   25000.0 -3.72700E-05
