-22.042
    1900.0 -1.06820E-05
    1920.0  9.25000E-06
    1940.0  2.72000E-06
    1960.0  1.07600E-06
    1980.0  3.84000E-07
    2000.0 -5.10000E-07
    2020.0 -1.22000E-07
    2040.0 -1.22000E-07
    2060.0  1.20000E-07
    2080.0  3.74000E-07
    2100.0  2.12000E-07
    2120.0 -2.10000E-07
    2140.0 -2.96000E-07
    2160.0 -2.00000E-08
    2180.0 -1.36000E-07
    2200.0  2.00000E-08
    2220.0  1.30000E-07
    2240.0  1.32000E-07
    2260.0 -1.14000E-07
    2280.0 -9.00000E-08
    2300.0 -8.40000E-08
    2320.0 -1.30000E-07
    2340.0 -6.20000E-08
    2360.0  1.60000E-08
    2380.0  9.20000E-08
    2400.0 -1.74000E-07
    2420.0 -2.98000E-07
    2440.0 -9.80000E-08
    2460.0 -2.30000E-08
    2480.0  1.42000E-07
    2500.0  1.40000E-08
    2520.0 -1.20000E-07
    2540.0 -6.40000E-08
    2560.0 -5.20000E-08
    2580.0  8.20000E-08
    2600.0 -5.80000E-08
    2620.0  4.40000E-08
    2640.0  1.30000E-07
    2660.0  4.00000E-08
    2680.0  7.80000E-08
    2700.0  3.60000E-08
    2720.0 -8.00000E-09
    2740.0  6.00000E-09
    2760.0 -4.00000E-09
    2780.0  1.38000E-07
    2800.0  9.60000E-08
    2820.0  1.72000E-07
    2840.0  3.30000E-08
    2860.0  7.94093E-24
    2880.0 -2.00000E-08
    2900.0  9.40000E-08
    2920.0  2.28000E-07
    2940.0  1.90000E-07
    2960.0  2.82000E-07
    2980.0  1.70000E-07
    3000.0  1.80000E-08
    3020.0 -4.00000E-09
    3040.0  3.20000E-08
    3060.0  1.96000E-07
    3080.0  1.72000E-07
    3100.0  1.18000E-07
    3120.0  4.20000E-08
    3140.0  2.26000E-07
    3160.0  1.60000E-08
    3180.0  1.40000E-08
    3200.0  1.74000E-07
    3220.0  1.38000E-07
    3240.0  1.08000E-07
    3260.0  2.12000E-07
    3280.0  2.94000E-07
    3300.0  2.90000E-07
    3320.0  1.44000E-07
    3340.0  3.38000E-07
    3360.0  3.70000E-07
    3380.0  2.06000E-07
    3400.0  3.52000E-07
    3420.0  2.36000E-07
    3440.0  4.26000E-07
    3460.0  3.20000E-07
    3480.0  3.74000E-07
    3500.0  3.90000E-07
    3520.0  3.90000E-07
    3540.0  5.38000E-07
    3560.0  4.48000E-07
    3580.0  5.80000E-07
    3600.0  4.60000E-07
    3620.0  5.34000E-07
    3640.0  4.78000E-07
    3660.0  6.36000E-07
    3680.0  5.64000E-07
    3700.0  6.24000E-07
    3720.0  5.92000E-07
    3740.0  3.52000E-07
    3760.0  5.60000E-07
    3780.0  7.08000E-07
    3800.0  5.80000E-07
    3820.0  6.22000E-07
    3840.0  6.90000E-07
    3860.0  5.42000E-07
    3880.0  6.82000E-07
    3900.0  5.24000E-07
    3920.0  7.94000E-07
    3940.0  6.62000E-07
    3960.0  9.98000E-07
    3980.0  6.88000E-07
    4000.0  6.08000E-07
    4020.0  6.60000E-07
    4040.0  7.10000E-07
    4060.0  7.20000E-07
    4080.0  8.18000E-07
    4100.0  9.40000E-07
    4120.0  6.42000E-07
    4140.0  9.18000E-07
    4160.0  8.14000E-07
    4180.0  8.54000E-07
    4200.0  8.72000E-07
    4220.0  9.66000E-07
    4240.0  9.48000E-07
    4260.0  8.52000E-07
    4280.0  1.00400E-06
    4300.0  1.04600E-06
    4320.0  1.00200E-06
    4340.0  1.12800E-06
    4360.0  1.06800E-06
    4380.0  1.19000E-06
    4400.0  1.02800E-06
    4420.0  1.11600E-06
    4440.0  1.21000E-06
    4460.0  1.11000E-06
    4480.0  1.18800E-06
    4500.0  1.43600E-06
    4520.0  1.18800E-06
    4540.0  1.18800E-06
    4560.0  1.27600E-06
    4580.0  1.17200E-06
    4600.0  1.30800E-06
    4620.0  1.18800E-06
    4640.0  1.33600E-06
    4660.0  1.43600E-06
    4680.0  1.37200E-06
    4700.0  1.45800E-06
    4720.0  1.37400E-06
    4740.0  1.48200E-06
    4760.0  1.53800E-06
    4780.0  1.39600E-06
    4800.0  1.41600E-06
    4820.0  1.38800E-06
    4840.0  1.33800E-06
    4860.0  1.40200E-06
    4880.0  1.32000E-06
    4900.0  1.38800E-06
    4920.0  1.45600E-06
    4940.0  1.43000E-06
    4960.0  1.41600E-06
    4980.0  1.48400E-06
    5000.0  1.40200E-06
    5020.0  1.36400E-06
    5040.0  1.45600E-06
    5060.0  1.36000E-06
    5080.0  1.39800E-06
    5100.0  1.44000E-06
    5120.0  1.53800E-06
    5140.0  1.58200E-06
    5160.0  1.49200E-06
    5180.0  1.60400E-06
    5200.0  1.63200E-06
    5220.0  1.67600E-06
    5240.0  1.66800E-06
    5260.0  1.60400E-06
    5280.0  1.63800E-06
    5300.0  1.73000E-06
    5320.0  1.71200E-06
    5340.0  1.79200E-06
    5360.0  1.80400E-06
    5380.0  1.80200E-06
    5400.0  1.80800E-06
    5420.0  1.74400E-06
    5440.0  1.79400E-06
    5460.0  1.86200E-06
    5480.0  1.85200E-06
    5500.0  1.88200E-06
    5520.0  1.86400E-06
    5540.0  1.77600E-06
    5560.0  1.83400E-06
    5580.0  1.88200E-06
    5600.0  1.89600E-06
    5620.0  1.90600E-06
    5640.0  1.80200E-06
    5660.0  1.87000E-06
    5680.0  1.84400E-06
    5700.0  0.00000E+00
    5720.0  2.34000E-06
    5740.0  4.89800E-06
    5760.0  4.68400E-06
    5780.0  3.40600E-06
    5800.0  1.00140E-05
    5820.0  1.44900E-05
    5840.0  2.81240E-05
    5860.0  7.96900E-05
    5880.0  3.36234E-04
    5900.0  1.19950E-03
    5920.0  3.66310E-03
    5940.0  9.57441E-03
    5960.0  2.17628E-02
    5980.0  4.37894E-02
    6000.0  7.90791E-02
    6020.0  1.29630E-01
    6040.0  1.94812E-01
    6060.0  2.70981E-01
    6080.0  3.52258E-01
    6100.0  4.32181E-01
    6120.0  5.05681E-01
    6140.0  5.69859E-01
    6160.0  6.24260E-01
    6180.0  6.70516E-01
    6200.0  7.11082E-01
    6220.0  7.47853E-01
    6240.0  7.81944E-01
    6260.0  8.13617E-01
    6280.0  8.42341E-01
    6300.0  8.67246E-01
    6320.0  8.87473E-01
    6340.0  9.02148E-01
    6360.0  9.11127E-01
    6380.0  9.15171E-01
    6400.0  9.15203E-01
    6420.0  9.12658E-01
    6440.0  9.08903E-01
    6460.0  9.05493E-01
    6480.0  9.03272E-01
    6500.0  9.03035E-01
    6520.0  9.04885E-01
    6540.0  9.08827E-01
    6560.0  9.14624E-01
    6580.0  9.21799E-01
    6600.0  9.29581E-01
    6620.0  9.37659E-01
    6640.0  9.45312E-01
    6660.0  9.51906E-01
    6680.0  9.57379E-01
    6700.0  9.61638E-01
    6720.0  9.64551E-01
    6740.0  9.66365E-01
    6760.0  9.67273E-01
    6780.0  9.67861E-01
    6800.0  9.68037E-01
    6820.0  9.68147E-01
    6840.0  9.67953E-01
    6860.0  9.67764E-01
    6880.0  9.66812E-01
    6900.0  9.65090E-01
    6920.0  9.62103E-01
    6940.0  9.57266E-01
    6960.0  9.50491E-01
    6980.0  9.41345E-01
    7000.0  9.30145E-01
    7020.0  9.16985E-01
    7040.0  9.02858E-01
    7060.0  8.87713E-01
    7080.0  8.73004E-01
    7100.0  8.59357E-01
    7120.0  8.48198E-01
    7140.0  8.40798E-01
    7160.0  8.37455E-01
    7180.0  8.39354E-01
    7200.0  8.47593E-01
    7220.0  8.62832E-01
    7240.0  8.84372E-01
    7260.0  9.10561E-01
    7280.0  9.35648E-01
    7300.0  9.49149E-01
    7320.0  9.36524E-01
    7340.0  8.82283E-01
    7360.0  7.81434E-01
    7380.0  6.46342E-01
    7400.0  5.01078E-01
    7420.0  3.69525E-01
    7440.0  2.64059E-01
    7460.0  1.85948E-01
    7480.0  1.31270E-01
    7500.0  9.33795E-02
    7520.0  6.68861E-02
    7540.0  4.83761E-02
    7560.0  3.56485E-02
    7580.0  2.67004E-02
    7600.0  2.02530E-02
    7620.0  1.55398E-02
    7640.0  1.20634E-02
    7660.0  9.51305E-03
    7680.0  7.54109E-03
    7700.0  6.07132E-03
    7720.0  4.89900E-03
    7740.0  4.01436E-03
    7760.0  3.31914E-03
    7780.0  2.76332E-03
    7800.0  2.32266E-03
    7820.0  1.93192E-03
    7840.0  1.65825E-03
    7860.0  1.40944E-03
    7880.0  1.23683E-03
    7900.0  1.07136E-03
    7920.0  9.19100E-04
    7940.0  7.95340E-04
    7960.0  6.94940E-04
    7980.0  6.22034E-04
    8000.0  5.67392E-04
    8020.0  4.86074E-04
    8040.0  4.39566E-04
    8060.0  3.98978E-04
    8080.0  3.62928E-04
    8100.0  3.29908E-04
    8120.0  3.02576E-04
    8140.0  2.78560E-04
    8160.0  2.57762E-04
    8180.0  2.39374E-04
    8200.0  2.22912E-04
    8220.0  2.07448E-04
    8240.0  1.94700E-04
    8260.0  1.83446E-04
    8280.0  1.73998E-04
    8300.0  1.63848E-04
    8320.0  1.55464E-04
    8340.0  1.49386E-04
    8360.0  1.43496E-04
    8380.0  1.37792E-04
    8400.0  1.32658E-04
    8420.0  1.28622E-04
    8440.0  1.25002E-04
    8460.0  1.21562E-04
    8480.0  1.18210E-04
    8500.0  1.13436E-04
    8520.0  1.09900E-04
    8540.0  1.05586E-04
    8560.0  1.02104E-04
    8580.0  9.36600E-05
    8600.0  5.67600E-05
    8620.0  5.50400E-05
    8640.0  5.62020E-05
    8660.0  4.44760E-05
    8680.0  3.16680E-05
    8700.0  3.23840E-05
    8720.0  2.75700E-05
    8740.0  2.42100E-05
    8760.0  1.75180E-05
    8780.0  1.69180E-05
    8800.0  1.56220E-05
    8820.0  1.13000E-05
    8840.0  7.03400E-06
    8860.0  9.04200E-06
    8880.0  5.15200E-06
    8900.0  8.16600E-06
    8920.0  4.81000E-06
    8940.0  6.86000E-06
    8960.0  2.05400E-06
    8980.0  1.35400E-06
    9000.0  1.72400E-06
    9020.0  5.16400E-06
    9040.0  1.53800E-06
    9060.0  7.64000E-07
    9080.0 -2.66000E-07
    9100.0  2.30600E-06
    9120.0  5.37000E-06
    9140.0  2.33200E-06
    9160.0  3.29200E-06
    9180.0  2.27600E-06
    9200.0  2.17200E-06
    9220.0  1.27200E-06
    9240.0  1.92000E-06
    9260.0  1.97000E-06
    9280.0  1.73000E-06
    9300.0  3.30000E-06
    9320.0  1.86200E-06
    9340.0  1.53200E-06
    9360.0  1.91400E-06
    9380.0  2.11400E-06
    9400.0  1.69600E-06
    9420.0  3.06000E-06
    9440.0  2.77800E-06
    9460.0  1.70000E-06
    9480.0  2.72600E-06
    9500.0  3.32200E-06
    9520.0  3.43600E-06
    9540.0  3.21000E-06
    9560.0  4.17400E-06
    9580.0  4.65000E-06
    9600.0  5.77600E-06
    9620.0  6.05800E-06
    9640.0  6.66000E-06
    9660.0  7.47000E-06
    9680.0  8.28600E-06
    9700.0  7.61400E-06
    9720.0  9.75200E-06
    9740.0  1.17900E-05
    9760.0  1.24940E-05
    9780.0  1.38440E-05
    9800.0  1.66100E-05
    9820.0  1.81980E-05
    9840.0  1.85300E-05
    9860.0  2.10080E-05
    9880.0  2.31340E-05
    9900.0  2.47020E-05
    9920.0  2.73720E-05
    9940.0  2.85540E-05
    9960.0  3.03200E-05
    9980.0  3.22480E-05
   10000.0  3.41680E-05
   10020.0  3.69420E-05
   10040.0  3.82380E-05
   10060.0  3.77780E-05
   10080.0  3.83220E-05
   10100.0  4.04260E-05
   10120.0  4.21440E-05
   10140.0  4.21660E-05
   10160.0  4.31440E-05
   10180.0  4.38100E-05
   10200.0  4.52800E-05
   10220.0  4.74980E-05
   10240.0  4.75420E-05
   10260.0  4.87860E-05
   10280.0  5.07740E-05
   10300.0  5.17600E-05
   10320.0  5.38040E-05
   10340.0  5.63420E-05
   10360.0  5.74800E-05
   10380.0  6.02760E-05
   10400.0  6.33660E-05
   10420.0  6.44940E-05
   10440.0  6.77100E-05
   10460.0  7.18900E-05
   10480.0  7.36800E-05
   10500.0  7.81840E-05
   10520.0  8.39580E-05
   10540.0  8.71620E-05
   10560.0  8.95260E-05
   10580.0  9.58300E-05
   10600.0  1.03946E-04
   10620.0  1.09226E-04
   10640.0  1.15248E-04
   10660.0  1.19728E-04
   10680.0  1.28882E-04
   10700.0  1.40838E-04
   10720.0  1.50760E-04
   10740.0  1.59040E-04
   10760.0  1.65346E-04
   10780.0  1.81224E-04
   10800.0  1.97732E-04
   10820.0  2.08648E-04
   10840.0  2.27622E-04
   10860.0  2.48350E-04
   10880.0  2.67892E-04
   10900.0  2.83984E-04
   10920.0  3.13370E-04
   10940.0  3.47304E-04
   10960.0  3.79030E-04
   10980.0  4.08578E-04
   11000.0  4.39364E-04
   11020.0  4.89712E-04
   11040.0  5.42614E-04
   11060.0  5.94186E-04
   11080.0  6.59484E-04
   11100.0  7.31186E-04
   11120.0  8.14392E-04
   11140.0  9.20152E-04
   11160.0  1.00062E-03
   11180.0  1.08984E-03
   11200.0  1.20346E-03
   11220.0  1.37605E-03
   11240.0  1.63018E-03
   11260.0  1.87305E-03
   11280.0  2.17945E-03
   11300.0  2.28414E-03
   11320.0  2.56324E-03
   11340.0  3.25279E-03
   11360.0  3.69242E-03
   11380.0  4.16768E-03
   11400.0  4.81584E-03
   11420.0  5.48146E-03
   11440.0  6.74023E-03
   11460.0  8.13616E-03
   11480.0  9.65147E-03
   11500.0  1.13966E-02
   11520.0  1.32597E-02
   11540.0  1.55538E-02
   11560.0  1.79298E-02
   11580.0  2.06371E-02
   11600.0  2.38262E-02
   11620.0  2.78839E-02
   11640.0  3.32902E-02
   11660.0  4.01244E-02
   11680.0  4.91917E-02
   11700.0  6.09447E-02
   11720.0  7.71936E-02
   11740.0  9.84277E-02
   11760.0  1.29945E-01
   11780.0  1.72866E-01
   11800.0  2.17970E-01
   11820.0  2.67575E-01
   11840.0  3.23615E-01
   11860.0  3.96548E-01
   11880.0  5.50981E-01
   11900.0  5.11667E-01
   11920.0  5.11960E-01
   11940.0  5.26828E-01
   11960.0  4.87779E-01
   11980.0  4.34362E-01
   12000.0  4.10836E-01
   12020.0  3.74296E-01
   12040.0  3.33482E-01
   12060.0  3.23918E-01
   12080.0  3.05519E-01
   12100.0  2.89601E-01
   12120.0  2.79884E-01
   12140.0  2.73403E-01
   12160.0  2.56062E-01
   12180.0  2.49372E-01
   12200.0  2.51628E-01
   12220.0  2.60147E-01
   12240.0  2.47532E-01
   12260.0  2.53299E-01
   12280.0  2.55421E-01
   12300.0  2.63658E-01
   12320.0  2.71573E-01
   12340.0  2.81797E-01
   12360.0  2.89679E-01
   12380.0  2.97867E-01
   12400.0  3.00773E-01
   12420.0  2.99911E-01
   12440.0  3.27634E-01
   12460.0  3.37905E-01
   12480.0  3.45131E-01
   12500.0  3.51047E-01
   12520.0  3.58195E-01
   12540.0  3.65231E-01
   12560.0  3.71244E-01
   12580.0  3.76862E-01
   12600.0  3.80365E-01
   12620.0  3.84204E-01
   12640.0  3.89329E-01
   12660.0  3.97322E-01
   12680.0  3.81914E-01
   12700.0  3.85729E-01
   12720.0  3.82163E-01
   12740.0  3.61651E-01
   12760.0  3.54677E-01
   12780.0  3.52648E-01
   12800.0  3.48217E-01
   12820.0  3.44170E-01
   12840.0  3.36712E-01
   12860.0  3.32016E-01
   12880.0  3.27812E-01
   12900.0  3.20756E-01
   12920.0  3.14229E-01
   12940.0  3.05424E-01
   12960.0  2.95457E-01
   12980.0  3.05589E-01
   13000.0  3.03311E-01
   13020.0  3.03538E-01
   13040.0  3.02170E-01
   13060.0  3.01998E-01
   13080.0  3.03857E-01
   13100.0  3.07507E-01
   13120.0  3.14783E-01
   13140.0  3.18903E-01
   13160.0  3.15608E-01
   13180.0  3.25225E-01
   13200.0  3.33849E-01
   13220.0  3.31838E-01
   13240.0  3.42932E-01
   13260.0  3.51228E-01
   13280.0  3.45517E-01
   13300.0  3.58057E-01
   13320.0  3.73174E-01
   13340.0  3.93246E-01
   13360.0  4.07276E-01
   13380.0  4.02372E-01
   13400.0  4.14949E-01
   13420.0  4.28166E-01
   13440.0  4.43283E-01
   13460.0  4.58661E-01
   13480.0  4.98940E-01
   13500.0  4.89648E-01
   13520.0  4.91428E-01
   13540.0  5.34285E-01
   13560.0  5.32439E-01
   13580.0  5.00040E-01
   13600.0  5.38560E-01
   13620.0  5.95170E-01
   13640.0  5.36894E-01
   13660.0  5.17180E-01
   13680.0  5.68884E-01
   13700.0  6.23319E-01
   13720.0  6.79676E-01
   13740.0  6.58403E-01
   13760.0  5.81254E-01
   13780.0  4.94775E-01
   13800.0  5.07251E-01
   13820.0  6.21254E-01
   13840.0  6.10165E-01
   13860.0  6.11794E-01
   13880.0  5.87180E-01
   13900.0  5.30826E-01
   13920.0  5.19851E-01
   13940.0  5.44647E-01
   13960.0  5.27644E-01
   13980.0  4.92979E-01
   14000.0  5.35338E-01
   14020.0  4.66180E-01
   14040.0  4.65438E-01
   14060.0  4.88512E-01
   14080.0  4.87449E-01
   14100.0  4.32635E-01
   14120.0  4.25190E-01
   14140.0  4.42450E-01
   14160.0  4.10070E-01
   14180.0  4.20755E-01
   14200.0  4.20024E-01
   14220.0  4.12349E-01
   14240.0  4.11402E-01
   14260.0  3.88759E-01
   14280.0  3.66293E-01
   14300.0  3.70257E-01
   14320.0  3.79072E-01
   14340.0  3.72969E-01
   14360.0  3.84632E-01
   14380.0  3.78707E-01
   14400.0  3.52484E-01
   14420.0  3.30889E-01
   14440.0  3.46881E-01
   14460.0  3.53209E-01
   14480.0  3.49170E-01
   14500.0  3.65037E-01
   14520.0  3.52497E-01
   14540.0  3.44515E-01
   14560.0  3.48441E-01
   14580.0  3.55980E-01
   14600.0  3.51681E-01
   14620.0  3.47217E-01
   14640.0  3.54078E-01
   14660.0  3.61631E-01
   14680.0  3.69052E-01
   14700.0  3.75614E-01
   14720.0  3.77025E-01
   14740.0  3.77537E-01
   14760.0  3.87617E-01
   14780.0  3.93059E-01
   14800.0  3.94988E-01
   14820.0  3.94320E-01
   14840.0  3.95424E-01
   14860.0  4.08864E-01
   14880.0  4.20389E-01
   14900.0  4.27382E-01
   14920.0  4.43150E-01
   14940.0  4.40161E-01
   14960.0  4.41862E-01
   14980.0  4.48860E-01
   15000.0  4.55654E-01
   15020.0  4.63039E-01
   15040.0  4.77240E-01
   15060.0  4.90423E-01
   15080.0  5.06401E-01
   15100.0  5.01629E-01
   15120.0  5.09675E-01
   15140.0  5.18821E-01
   15160.0  5.28794E-01
   15180.0  5.44276E-01
   15200.0  5.60677E-01
   15220.0  5.55410E-01
   15240.0  5.60826E-01
   15260.0  5.59664E-01
   15280.0  5.67767E-01
   15300.0  5.78644E-01
   15320.0  5.91562E-01
   15340.0  6.05118E-01
   15360.0  6.26937E-01
   15380.0  6.10964E-01
   15400.0  6.02167E-01
   15420.0  6.01943E-01
   15440.0  6.03769E-01
   15460.0  6.08977E-01
   15480.0  6.10842E-01
   15500.0  6.11961E-01
   15520.0  6.16173E-01
   15540.0  6.15164E-01
   15560.0  6.21377E-01
   15580.0  6.21723E-01
   15600.0  6.38658E-01
   15620.0  5.98720E-01
   15640.0  6.01817E-01
   15660.0  6.00912E-01
   15680.0  5.94346E-01
   15700.0  5.93258E-01
   15720.0  6.09091E-01
   15740.0  5.81232E-01
   15760.0  5.74717E-01
   15780.0  5.72352E-01
   15800.0  5.83550E-01
   15820.0  5.51847E-01
   15840.0  5.54090E-01
   15860.0  5.47209E-01
   15880.0  5.48420E-01
   15900.0  5.47091E-01
   15920.0  5.31344E-01
   15940.0  5.27885E-01
   15960.0  5.31740E-01
   15980.0  5.08751E-01
   16000.0  5.04974E-01
   16020.0  4.93491E-01
   16040.0  4.99086E-01
   16060.0  5.00686E-01
   16080.0  5.05228E-01
   16100.0  4.78345E-01
   16120.0  4.79060E-01
   16140.0  4.71658E-01
   16160.0  4.65024E-01
   16180.0  4.64501E-01
   16200.0  4.65858E-01
   16220.0  4.58015E-01
   16240.0  4.55157E-01
   16260.0  4.52322E-01
   16280.0  4.54410E-01
   16300.0  4.57159E-01
   16320.0  4.58938E-01
   16340.0  4.54722E-01
   16360.0  4.60763E-01
   16380.0  4.36717E-01
   16400.0  4.40844E-01
   16420.0  4.35158E-01
   16440.0  4.40877E-01
   16460.0  4.39840E-01
   16480.0  4.41327E-01
   16500.0  4.35823E-01
   16520.0  4.36650E-01
   16540.0  4.46244E-01
   16560.0  4.27097E-01
   16580.0  4.32265E-01
   16600.0  4.31254E-01
   16620.0  4.27506E-01
   16640.0  4.33341E-01
   16660.0  4.53389E-01
   16680.0  4.71468E-01
   16700.0  4.31049E-01
   16720.0  4.28827E-01
   16740.0  4.32753E-01
   16760.0  4.34217E-01
   16780.0  4.36267E-01
   16800.0  4.39913E-01
   16820.0  4.42065E-01
   16840.0  4.39457E-01
   16860.0  4.41562E-01
   16880.0  4.41639E-01
   16900.0  4.43986E-01
   16920.0  4.53377E-01
   16940.0  4.60209E-01
   16960.0  4.49522E-01
   16980.0  4.52711E-01
   17000.0  4.54213E-01
   17020.0  4.63665E-01
   17040.0  4.71131E-01
   17060.0  4.57642E-01
   17080.0  4.64826E-01
   17100.0  4.69711E-01
   17120.0  4.75496E-01
   17140.0  4.66878E-01
   17160.0  4.75841E-01
   17180.0  4.79717E-01
   17200.0  4.85989E-01
   17220.0  4.75630E-01
   17240.0  4.79575E-01
   17260.0  4.81676E-01
   17280.0  4.94567E-01
   17300.0  4.97714E-01
   17320.0  4.86683E-01
   17340.0  4.90429E-01
   17360.0  4.94239E-01
   17380.0  4.90252E-01
   17400.0  4.92529E-01
   17420.0  4.96389E-01
   17440.0  5.01616E-01
   17460.0  5.02744E-01
   17480.0  5.05994E-01
   17500.0  5.08047E-01
   17520.0  5.11905E-01
   17540.0  5.21430E-01
   17560.0  5.20765E-01
   17580.0  5.07638E-01
   17600.0  5.08600E-01
   17620.0  5.11138E-01
   17640.0  5.16650E-01
   17660.0  5.17895E-01
   17680.0  5.12836E-01
   17700.0  5.12542E-01
   17720.0  5.13716E-01
   17740.0  5.10808E-01
   17760.0  5.16423E-01
   17780.0  5.31897E-01
   17800.0  5.29573E-01
   17820.0  5.21104E-01
   17840.0  5.16567E-01
   17860.0  5.16331E-01
   17880.0  5.16208E-01
   17900.0  5.18120E-01
   17920.0  5.31895E-01
   17940.0  5.37934E-01
   17960.0  5.12825E-01
   17980.0  5.02102E-01
   18000.0  5.23051E-01
   18020.0  5.21944E-01
   18040.0  5.22072E-01
   18060.0  5.27603E-01
   18080.0  5.17727E-01
   18100.0  5.28702E-01
   18120.0  5.39207E-01
   18140.0  5.20885E-01
   18160.0  4.72837E-01
   18180.0  4.97640E-01
   18200.0  5.83042E-01
   18220.0  5.29385E-01
   18240.0  4.50144E-01
   18260.0  4.59379E-01
   18280.0  5.38676E-01
   18300.0  6.20383E-01
   18320.0  5.58940E-01
   18340.0  4.32005E-01
   18360.0  3.99314E-01
   18380.0  4.87906E-01
   18400.0  6.70485E-01
   18420.0  5.60701E-01
   18440.0  3.47709E-01
   18460.0  4.08006E-01
   18480.0  5.84003E-01
   18500.0  5.68562E-01
   18520.0  5.75580E-01
   18540.0  4.35221E-01
   18560.0  3.64752E-01
   18580.0  4.60232E-01
   18600.0  6.37654E-01
   18620.0  6.41589E-01
   18640.0  4.88336E-01
   18660.0  4.37380E-01
   18680.0  4.36781E-01
   18700.0  4.64375E-01
   18720.0  4.89931E-01
   18740.0  5.28122E-01
   18760.0  5.41357E-01
   18780.0  4.94152E-01
   18800.0  4.63783E-01
   18820.0  5.26866E-01
   18840.0  5.58976E-01
   18860.0  4.57263E-01
   18880.0  4.03677E-01
   18900.0  5.05134E-01
   18920.0  6.30036E-01
   18940.0  5.18490E-01
   18960.0  4.54116E-01
   18980.0  4.83480E-01
   19000.0  4.60202E-01
   19020.0  4.45343E-01
   19040.0  5.32780E-01
   19060.0  5.53352E-01
   19080.0  4.55246E-01
   19100.0  4.58407E-01
   19120.0  5.59625E-01
   19140.0  5.36717E-01
   19160.0  4.62582E-01
   19180.0  4.62871E-01
   19200.0  5.19808E-01
   19220.0  5.07524E-01
   19240.0  4.60581E-01
   19260.0  4.83127E-01
   19280.0  5.03391E-01
   19300.0  5.24118E-01
   19320.0  5.05524E-01
   19340.0  4.99111E-01
   19360.0  4.85375E-01
   19380.0  5.21159E-01
   19400.0  4.97198E-01
   19420.0  5.00312E-01
   19440.0  4.93400E-01
   19460.0  5.21667E-01
   19480.0  5.07961E-01
   19500.0  4.96885E-01
   19520.0  4.88433E-01
   19540.0  5.10239E-01
   19560.0  5.04367E-01
   19580.0  4.81975E-01
   19600.0  5.13724E-01
   19620.0  5.16039E-01
   19640.0  5.09495E-01
   19660.0  4.91413E-01
   19680.0  5.10855E-01
   19700.0  5.12546E-01
   19720.0  5.11933E-01
   19740.0  5.04975E-01
   19760.0  5.04204E-01
   19780.0  4.91670E-01
   19800.0  5.10685E-01
   19820.0  5.09188E-01
   19840.0  5.08010E-01
   19860.0  5.10648E-01
   19880.0  5.09964E-01
   19900.0  5.09744E-01
   19920.0  5.07105E-01
   19940.0  5.09429E-01
   19960.0  5.10642E-01
   19980.0  5.16481E-01
   20000.0  5.21655E-01
