-22.428
    1900.0 -1.76180E-05
    1920.0 -3.56400E-06
    1940.0  2.69400E-06
    1960.0  4.44000E-07
    1980.0 -5.82000E-07
    2000.0 -1.27000E-06
    2020.0 -8.58000E-07
    2040.0 -3.54000E-07
    2060.0 -5.40000E-08
    2080.0 -2.20000E-08
    2100.0  6.40000E-08
    2120.0  8.80000E-08
    2140.0 -2.50000E-08
    2160.0 -3.80000E-08
    2180.0 -7.20000E-08
    2200.0  1.40000E-08
    2220.0  2.20000E-08
    2240.0  3.20000E-08
    2260.0  2.70000E-08
    2280.0  3.30000E-08
    2300.0 -6.60000E-08
    2320.0 -2.00000E-09
    2340.0  9.00000E-08
    2360.0  8.60000E-08
    2380.0  5.00000E-08
    2400.0  3.40000E-08
    2420.0  2.00000E-09
    2440.0 -1.30000E-07
    2460.0 -2.16000E-07
    2480.0 -8.20000E-08
    2500.0  2.00000E-09
    2520.0  2.60000E-08
    2540.0  6.00000E-09
    2560.0 -5.00000E-08
    2580.0 -1.40000E-07
    2600.0 -2.20000E-08
    2620.0 -2.80000E-08
    2640.0  6.00000E-09
    2660.0 -5.80000E-08
    2680.0  3.80000E-08
    2700.0 -6.00000E-09
    2720.0 -1.46000E-07
    2740.0 -1.40000E-08
    2760.0  5.40000E-08
    2780.0  8.40000E-08
    2800.0  1.16000E-07
    2820.0  3.30000E-08
    2840.0  5.00000E-08
    2860.0  2.00000E-08
    2880.0  1.34000E-07
    2900.0  4.80000E-08
    2920.0  5.20000E-08
    2940.0  4.60000E-08
    2960.0  1.60000E-08
    2980.0 -1.14000E-07
    3000.0 -9.00000E-08
    3020.0 -1.38000E-07
    3040.0 -6.80000E-08
    3060.0  1.12000E-07
    3080.0  4.32000E-07
    3100.0 -2.20000E-07
    3120.0 -1.80000E-07
    3140.0 -6.50000E-08
    3160.0  7.60000E-08
    3180.0  1.10000E-07
    3200.0  5.80000E-08
    3220.0 -5.00000E-08
    3240.0  4.60000E-08
    3260.0 -1.80000E-08
    3280.0 -1.26000E-07
    3300.0  4.00000E-09
    3320.0  4.20000E-08
    3340.0  1.00000E-07
    3360.0  7.20000E-08
    3380.0 -1.80000E-08
    3400.0  8.60000E-08
    3420.0  8.00000E-08
    3440.0  1.08000E-07
    3460.0 -1.02000E-07
    3480.0 -6.20000E-08
    3500.0  5.60000E-08
    3520.0  1.60000E-08
    3540.0 -8.00000E-09
    3560.0 -6.00000E-09
    3580.0  3.60000E-08
    3600.0 -6.00000E-08
    3620.0  4.10000E-08
    3640.0  5.40000E-08
    3660.0  5.60000E-08
    3680.0  4.50000E-08
    3700.0  6.00000E-09
    3720.0 -9.20000E-08
    3740.0 -2.42000E-07
    3760.0  6.60000E-08
    3780.0  9.80000E-08
    3800.0 -6.80000E-08
    3820.0  1.00000E-08
    3840.0 -8.00000E-09
    3860.0  4.20000E-08
    3880.0  6.26000E-07
    3900.0  2.22000E-07
    3920.0  1.24000E-07
    3940.0  1.54000E-07
    3960.0  2.40000E-07
    3980.0  2.40000E-07
    4000.0  1.54000E-07
    4020.0  1.14000E-07
    4040.0  1.78000E-07
    4060.0  1.76000E-07
    4080.0  2.96000E-07
    4100.0  1.46000E-07
    4120.0  9.20000E-08
    4140.0  2.98000E-07
    4160.0  2.10000E-07
    4180.0  2.42000E-07
    4200.0  2.42000E-07
    4220.0  3.10000E-07
    4240.0  3.02000E-07
    4260.0  3.06000E-07
    4280.0  7.94000E-07
    4300.0  3.10000E-07
    4320.0  2.44000E-07
    4340.0  3.52000E-07
    4360.0  2.88000E-07
    4380.0  2.78000E-07
    4400.0  3.76000E-07
    4420.0  4.28000E-07
    4440.0  3.16000E-07
    4460.0  3.00000E-07
    4480.0  3.50000E-07
    4500.0  3.34000E-07
    4520.0  2.70000E-07
    4540.0  4.92000E-07
    4560.0  2.58000E-07
    4580.0  1.04000E-07
    4600.0  5.80000E-08
    4620.0  1.42000E-07
    4640.0  5.00000E-08
    4660.0  1.30000E-07
    4680.0  3.20000E-08
    4700.0  6.00000E-09
    4720.0  5.60000E-08
    4740.0 -4.00000E-09
    4760.0  1.08000E-07
    4780.0  5.20000E-08
    4800.0  1.06000E-07
    4820.0  1.20000E-07
    4840.0 -1.00000E-08
    4860.0  4.20000E-08
    4880.0  5.00000E-09
    4900.0  3.30000E-08
    4920.0  5.40000E-08
    4940.0  7.60000E-08
    4960.0  4.60000E-08
    4980.0  8.00000E-08
    5000.0  5.40000E-08
    5020.0 -2.40000E-08
    5040.0 -3.60000E-08
    5060.0 -3.20000E-08
    5080.0  3.60000E-08
    5100.0  4.00000E-09
    5120.0  3.00000E-08
    5140.0  4.60000E-08
    5160.0  4.40000E-08
    5180.0 -6.60000E-08
    5200.0 -6.20000E-08
    5220.0 -4.80000E-08
    5240.0  1.90000E-08
    5260.0  4.60000E-08
    5280.0 -3.40000E-08
    5300.0 -2.40000E-08
    5320.0 -1.20000E-08
    5340.0  4.70000E-08
    5360.0  7.00000E-08
    5380.0  4.40000E-08
    5400.0  5.00000E-08
    5420.0  6.40000E-08
    5440.0  2.80000E-08
    5460.0  7.20000E-08
    5480.0  2.02000E-07
    5500.0 -1.02600E-05
    5510.0 -1.06800E-05
    5520.0  4.60800E-06
    5530.0  1.34020E-05
    5540.0  1.88400E-06
    5550.0 -3.56000E-06
    5560.0  6.28200E-06
    5570.0  6.49200E-06
    5580.0  3.14200E-06
    5590.0  1.27760E-05
    5600.0  2.11580E-05
    5610.0  8.36000E-07
    5620.0  2.30400E-06
    5630.0  1.06820E-05
    5640.0 -8.36000E-07
    5650.0 -8.16800E-06
    5660.0  5.23800E-06
    5670.0  9.63800E-06
    5680.0 -1.04800E-06
    5690.0  4.19000E-06
    5700.0  4.61200E-06
    5710.0  8.80200E-06
    5720.0  1.19440E-05
    5730.0  1.04800E-06
    5740.0  1.08960E-05
    5750.0  1.92800E-05
    5760.0  2.36820E-05
    5770.0  4.65260E-05
    5780.0  9.53700E-05
    5790.0  1.89700E-04
    5800.0  3.53384E-04
    5810.0  6.21452E-04
    5820.0  1.07099E-03
    5830.0  1.81225E-03
    5840.0  2.97610E-03
    5850.0  4.74556E-03
    5860.0  7.39646E-03
    5870.0  1.13783E-02
    5880.0  1.72359E-02
    5890.0  2.56433E-02
    5900.0  3.76196E-02
    5910.0  5.48523E-02
    5920.0  8.00051E-02
    5930.0  1.16625E-01
    5940.0  1.68555E-01
    5950.0  2.38217E-01
    5960.0  3.24464E-01
    5970.0  4.21472E-01
    5980.0  5.19387E-01
    5990.0  6.06744E-01
    6000.0  6.73311E-01
    6010.0  7.14742E-01
    6020.0  7.33044E-01
    6030.0  7.34023E-01
    6040.0  7.24423E-01
    6050.0  7.11109E-01
    6060.0  6.99992E-01
    6070.0  6.95282E-01
    6080.0  6.98343E-01
    6090.0  7.06935E-01
    6100.0  7.17713E-01
    6110.0  7.28609E-01
    6120.0  7.39742E-01
    6130.0  7.53236E-01
    6140.0  7.70815E-01
    6150.0  7.92351E-01
    6160.0  8.16283E-01
    6170.0  8.39806E-01
    6180.0  8.61044E-01
    6190.0  8.79674E-01
    6200.0  8.95827E-01
    6210.0  9.10115E-01
    6220.0  9.22159E-01
    6230.0  9.31799E-01
    6240.0  9.38588E-01
    6250.0  9.42705E-01
    6260.0  9.44515E-01
    6270.0  9.44202E-01
    6280.0  9.42428E-01
    6290.0  9.39232E-01
    6300.0  9.35495E-01
    6310.0  9.31979E-01
    6320.0  9.28227E-01
    6330.0  9.25048E-01
    6340.0  9.22392E-01
    6350.0  9.20591E-01
    6360.0  9.19625E-01
    6370.0  9.19168E-01
    6380.0  9.19413E-01
    6390.0  9.19998E-01
    6400.0  9.21519E-01
    6410.0  9.23856E-01
    6420.0  9.27014E-01
    6430.0  9.31477E-01
    6440.0  9.36823E-01
    6450.0  9.42681E-01
    6460.0  9.48752E-01
    6470.0  9.54345E-01
    6480.0  9.59607E-01
    6490.0  9.64283E-01
    6500.0  9.68594E-01
    6510.0  9.72491E-01
    6520.0  9.75607E-01
    6530.0  9.78136E-01
    6540.0  9.79826E-01
    6550.0  9.80912E-01
    6560.0  9.80866E-01
    6570.0  9.80172E-01
    6580.0  9.78502E-01
    6590.0  9.75962E-01
    6600.0  9.73240E-01
    6610.0  9.70164E-01
    6620.0  9.67063E-01
    6630.0  9.64112E-01
    6640.0  9.61075E-01
    6650.0  9.58132E-01
    6660.0  9.54949E-01
    6670.0  9.52285E-01
    6680.0  9.50519E-01
    6690.0  9.48298E-01
    6700.0  9.47486E-01
    6710.0  9.47458E-01
    6720.0  9.47869E-01
    6730.0  9.49073E-01
    6740.0  9.50561E-01
    6750.0  9.52395E-01
    6760.0  9.54538E-01
    6770.0  9.57363E-01
    6780.0  9.60433E-01
    6790.0  9.63768E-01
    6800.0  9.67256E-01
    6810.0  9.70520E-01
    6820.0  9.73546E-01
    6830.0  9.76057E-01
    6840.0  9.78159E-01
    6850.0  9.79858E-01
    6860.0  9.80662E-01
    6870.0  9.81195E-01
    6880.0  9.81041E-01
    6890.0  9.80064E-01
    6900.0  9.78558E-01
    6910.0  9.75772E-01
    6920.0  9.72997E-01
    6930.0  9.69334E-01
    6940.0  9.65544E-01
    6950.0  9.62125E-01
    6960.0  9.58317E-01
    6970.0  9.55062E-01
    6980.0  9.51650E-01
    6990.0  9.47922E-01
    7000.0  9.44549E-01
    7010.0  9.40800E-01
    7020.0  9.37620E-01
    7030.0  9.34488E-01
    7040.0  9.32204E-01
    7050.0  9.30596E-01
    7060.0  9.30152E-01
    7070.0  9.31130E-01
    7080.0  9.33195E-01
    7090.0  9.35548E-01
    7100.0  9.39116E-01
    7110.0  9.42406E-01
    7120.0  9.45668E-01
    7130.0  9.48992E-01
    7140.0  9.52176E-01
    7150.0  9.55553E-01
    7160.0  9.59113E-01
    7170.0  9.62950E-01
    7180.0  9.66739E-01
    7190.0  9.70886E-01
    7200.0  9.74254E-01
    7210.0  9.76845E-01
    7220.0  9.78963E-01
    7230.0  9.80123E-01
    7240.0  9.80147E-01
    7250.0  9.79569E-01
    7260.0  9.77944E-01
    7270.0  9.75628E-01
    7280.0  9.72479E-01
    7290.0  9.68538E-01
    7300.0  9.63952E-01
    7310.0  9.58858E-01
    7320.0  9.53715E-01
    7330.0  9.48174E-01
    7340.0  9.42767E-01
    7350.0  9.37030E-01
    7360.0  9.30907E-01
    7370.0  9.24419E-01
    7380.0  9.17797E-01
    7390.0  9.11409E-01
    7400.0  9.05672E-01
    7410.0  9.01311E-01
    7420.0  8.98243E-01
    7430.0  8.96896E-01
    7440.0  8.96961E-01
    7450.0  8.97724E-01
    7460.0  8.99183E-01
    7470.0  9.00419E-01
    7480.0  9.01688E-01
    7490.0  9.02634E-01
    7500.0  9.03599E-01
    7510.0  9.05300E-01
    7520.0  9.07964E-01
    7530.0  9.11731E-01
    7540.0  9.16625E-01
    7550.0  9.22613E-01
    7560.0  9.29452E-01
    7570.0  9.36448E-01
    7580.0  9.43307E-01
    7590.0  9.49886E-01
    7600.0  9.55757E-01
    7610.0  9.60936E-01
    7620.0  9.65508E-01
    7630.0  9.69437E-01
    7640.0  9.72599E-01
    7650.0  9.74768E-01
    7660.0  9.76076E-01
    7670.0  9.76607E-01
    7680.0  9.76150E-01
    7690.0  9.74385E-01
    7700.0  9.71955E-01
    7710.0  9.68466E-01
    7720.0  9.63896E-01
    7730.0  9.58436E-01
    7740.0  9.51808E-01
    7750.0  9.43903E-01
    7760.0  9.34902E-01
    7770.0  9.25348E-01
    7780.0  9.15841E-01
    7790.0  9.06525E-01
    7800.0  8.97965E-01
    7810.0  8.90101E-01
    7820.0  8.82984E-01
    7830.0  8.76508E-01
    7840.0  8.70010E-01
    7850.0  8.63454E-01
    7860.0  8.56391E-01
    7870.0  8.48871E-01
    7880.0  8.41310E-01
    7890.0  8.34035E-01
    7900.0  8.27619E-01
    7910.0  8.22435E-01
    7920.0  8.18262E-01
    7930.0  8.15097E-01
    7940.0  8.12660E-01
    7950.0  8.10359E-01
    7960.0  8.07933E-01
    7970.0  8.05658E-01
    7980.0  8.03928E-01
    7990.0  8.03479E-01
    8000.0  8.05441E-01
    8010.0  8.10103E-01
    8020.0  8.16889E-01
    8030.0  8.24688E-01
    8040.0  8.31602E-01
    8050.0  8.35520E-01
    8060.0  8.34084E-01
    8070.0  8.26287E-01
    8080.0  8.12552E-01
    8090.0  7.94242E-01
    8100.0  7.74350E-01
    8110.0  7.55366E-01
    8120.0  7.37656E-01
    8130.0  7.19147E-01
    8140.0  6.96529E-01
    8150.0  6.66536E-01
    8160.0  6.26804E-01
    8170.0  5.77091E-01
    8180.0  5.20036E-01
    8190.0  4.60153E-01
    8200.0  4.03535E-01
    8210.0  3.54227E-01
    8220.0  3.13849E-01
    8230.0  2.81586E-01
    8240.0  2.55313E-01
    8250.0  2.33051E-01
    8260.0  2.12769E-01
    8270.0  1.93350E-01
    8280.0  1.74161E-01
    8290.0  1.55206E-01
    8300.0  1.36687E-01
    8310.0  1.19216E-01
    8320.0  1.03369E-01
    8330.0  8.96634E-02
    8340.0  7.82605E-02
    8350.0  6.89861E-02
    8360.0  6.14619E-02
    8370.0  5.52624E-02
    8380.0  5.00054E-02
    8390.0  4.53475E-02
    8400.0  4.11378E-02
    8410.0  3.71994E-02
    8420.0  3.35151E-02
    8430.0  3.01074E-02
    8440.0  2.70619E-02
    8450.0  2.44618E-02
    8460.0  2.22705E-02
    8470.0  2.05112E-02
    8480.0  1.90888E-02
    8490.0  1.79199E-02
    8500.0  1.69194E-02
    8510.0  1.60875E-02
    8520.0  1.53164E-02
    8530.0  1.44983E-02
    8540.0  1.36539E-02
    8550.0  1.26520E-02
    8560.0  1.15582E-02
    8570.0  1.04262E-02
    8580.0  9.38478E-03
    8590.0  8.43936E-03
    8600.0  7.42720E-03
    8610.0  7.18983E-03
    8620.0  6.80701E-03
    8630.0  6.40660E-03
    8640.0  6.12014E-03
    8650.0  5.81492E-03
    8660.0  5.30251E-03
    8670.0  5.33425E-03
    8680.0  5.00546E-03
    8690.0  4.81273E-03
    8700.0  4.64163E-03
    8710.0  4.46189E-03
    8720.0  4.36378E-03
    8730.0  3.84354E-03
    8740.0  4.08597E-03
    8750.0  3.92942E-03
    8760.0  3.79703E-03
    8770.0  3.75983E-03
    8780.0  3.70828E-03
    8790.0  3.36814E-03
    8800.0  2.93045E-03
    8810.0  3.23669E-03
    8820.0  2.89960E-03
    8830.0  2.59996E-03
    8840.0  2.41302E-03
    8850.0  1.89909E-03
    8860.0  2.08806E-03
    8870.0  1.80967E-03
    8880.0  1.64397E-03
    8890.0  1.58458E-03
    8900.0  1.53055E-03
    8910.0  1.35895E-03
    8920.0  1.78979E-03
    8930.0  1.71469E-03
    8940.0  1.83278E-03
    8950.0  1.40920E-03
    8960.0  1.91963E-03
    8970.0  1.70851E-03
    8980.0  1.78153E-03
    8990.0  1.90727E-03
    9000.0  1.47317E-03
    9020.0  8.39540E-04
    9040.0  7.33680E-04
    9060.0  6.50724E-04
    9080.0  5.77404E-04
    9100.0  4.99842E-04
    9120.0  4.32208E-04
    9140.0  3.87446E-04
    9160.0  3.73866E-04
    9180.0  3.17812E-04
    9200.0  2.64044E-04
    9220.0  2.40730E-04
    9240.0  2.23172E-04
    9260.0  2.04736E-04
    9280.0  1.78296E-04
    9300.0  1.62616E-04
    9320.0  1.39964E-04
    9340.0  1.34634E-04
    9360.0  1.28150E-04
    9380.0  1.18858E-04
    9400.0  1.06622E-04
    9420.0  1.01874E-04
    9440.0  9.68540E-05
    9460.0  9.33420E-05
    9480.0  8.94120E-05
    9500.0  8.65100E-05
    9520.0  8.28380E-05
    9540.0  7.59160E-05
    9560.0  7.35840E-05
    9580.0  7.29160E-05
    9600.0  7.10060E-05
    9620.0  6.91940E-05
    9640.0  6.67000E-05
    9660.0  6.56520E-05
    9680.0  6.58860E-05
    9700.0  6.88080E-05
    9720.0  6.74360E-05
    9740.0  6.42560E-05
    9760.0  6.45340E-05
    9780.0  6.67460E-05
    9800.0  6.83540E-05
    9820.0  6.60800E-05
    9840.0  6.31880E-05
    9860.0  6.61600E-05
    9880.0  6.77800E-05
    9900.0  6.75560E-05
    9920.0  6.86760E-05
    9940.0  6.81300E-05
    9960.0  6.92280E-05
    9980.0  7.13500E-05
   10000.0  7.32300E-05
   10020.0  7.03380E-05
   10040.0  6.95180E-05
   10060.0  7.14760E-05
   10080.0  7.32580E-05
   10100.0  7.25080E-05
   10120.0  7.13900E-05
   10140.0  7.17680E-05
   10160.0  7.31600E-05
   10180.0  7.52440E-05
   10200.0  7.47040E-05
   10220.0  7.68820E-05
   10240.0  7.95840E-05
   10260.0  7.89680E-05
   10280.0  8.08140E-05
   10300.0  8.32980E-05
   10320.0  8.23100E-05
   10340.0  8.37560E-05
   10360.0  8.63980E-05
   10380.0  8.55860E-05
   10400.0  8.78240E-05
   10420.0  9.08560E-05
   10440.0  9.04780E-05
   10460.0  9.30980E-05
   10480.0  9.67440E-05
   10500.0  9.80160E-05
   10520.0  1.04010E-04
   10540.0  1.11004E-04
   10560.0  1.14372E-04
   10580.0  1.15836E-04
   10600.0  1.23052E-04
   10620.0  1.31184E-04
   10640.0  1.34954E-04
   10660.0  1.37022E-04
   10680.0  1.38556E-04
   10700.0  1.46248E-04
   10720.0  1.54974E-04
   10740.0  1.59658E-04
   10760.0  1.63598E-04
   10780.0  1.77016E-04
   10800.0  1.91742E-04
   10820.0  2.01788E-04
   10840.0  2.10862E-04
   10860.0  2.29096E-04
   10880.0  2.46656E-04
   10900.0  2.59884E-04
   10920.0  2.69380E-04
   10940.0  2.93386E-04
   10960.0  3.16472E-04
   10980.0  3.37670E-04
   11000.0  3.62788E-04
   11020.0  3.82528E-04
   11040.0  3.99052E-04
   11060.0  4.39844E-04
   11080.0  4.79942E-04
   11100.0  5.15988E-04
   11120.0  5.65840E-04
   11140.0  5.88774E-04
   11160.0  6.24762E-04
   11180.0  6.56542E-04
   11200.0  7.54532E-04
   11220.0  8.50232E-04
   11240.0  9.41936E-04
   11260.0  1.03403E-03
   11280.0  1.14650E-03
   11300.0  1.11351E-03
   11320.0  1.24676E-03
   11340.0  1.56816E-03
   11360.0  1.72176E-03
   11380.0  1.86236E-03
   11400.0  2.05753E-03
   11420.0  2.23900E-03
   11440.0  2.51639E-03
   11460.0  2.76820E-03
   11480.0  3.01556E-03
   11500.0  3.28171E-03
   11520.0  3.84982E-03
   11540.0  4.35886E-03
   11560.0  4.97827E-03
   11580.0  5.69372E-03
   11600.0  6.52597E-03
   11620.0  7.41732E-03
   11640.0  8.49166E-03
   11660.0  9.70486E-03
   11680.0  1.13140E-02
   11700.0  1.30551E-02
   11720.0  1.48927E-02
   11740.0  1.66506E-02
   11760.0  1.86960E-02
   11780.0  2.08085E-02
   11800.0  2.30918E-02
   11820.0  2.44475E-02
   11840.0  2.89212E-02
   11860.0  3.49104E-02
   11880.0  4.68626E-02
   11900.0  4.99866E-02
   11920.0  6.08172E-02
   11940.0  7.42630E-02
   11960.0  9.77897E-02
   11980.0  1.19124E-01
   12000.0  1.42696E-01
   12020.0  1.83420E-01
   12040.0  2.15937E-01
   12060.0  2.50877E-01
   12080.0  2.88435E-01
   12100.0  3.27567E-01
   12120.0  3.73970E-01
   12140.0  4.06878E-01
   12160.0  4.16949E-01
   12180.0  4.11142E-01
   12200.0  4.01593E-01
   12220.0  3.47169E-01
   12240.0  3.06637E-01
   12260.0  2.76911E-01
   12280.0  2.32330E-01
   12300.0  2.06444E-01
   12320.0  1.79111E-01
   12340.0  1.53643E-01
   12360.0  1.41175E-01
   12380.0  1.24860E-01
   12400.0  1.09707E-01
   12420.0  9.72914E-02
   12440.0  8.61942E-02
   12460.0  7.66095E-02
   12480.0  7.54970E-02
   12500.0  7.23391E-02
   12520.0  7.02898E-02
   12540.0  6.92518E-02
   12560.0  6.69026E-02
   12580.0  6.41946E-02
   12600.0  6.12432E-02
   12620.0  5.91814E-02
   12640.0  5.22811E-02
   12660.0  4.99670E-02
   12680.0  4.71328E-02
   12700.0  4.22276E-02
   12720.0  3.97545E-02
   12740.0  3.82961E-02
   12760.0  3.69411E-02
   12780.0  3.38707E-02
   12800.0  3.25911E-02
   12820.0  3.13095E-02
   12840.0  3.01300E-02
   12860.0  2.91041E-02
   12880.0  2.77534E-02
   12900.0  2.82042E-02
   12920.0  2.76245E-02
   12940.0  2.71607E-02
   12960.0  2.65805E-02
   12980.0  2.61218E-02
   13000.0  2.56416E-02
   13020.0  2.52457E-02
   13040.0  2.48091E-02
   13060.0  2.44301E-02
   13080.0  2.40514E-02
   13100.0  2.36597E-02
   13120.0  2.33150E-02
   13140.0  2.33710E-02
   13160.0  2.31654E-02
   13180.0  2.22202E-02
   13200.0  2.21295E-02
   13220.0  2.24019E-02
   13240.0  2.24670E-02
   13260.0  2.16276E-02
   13280.0  2.19370E-02
   13300.0  2.21429E-02
   13320.0  2.12883E-02
   13340.0  2.13574E-02
   13360.0  2.13568E-02
   13380.0  2.15725E-02
   13400.0  2.19230E-02
   13420.0  2.19089E-02
   13440.0  2.15647E-02
   13460.0  2.25246E-02
   13480.0  2.27644E-02
   13500.0  2.11264E-02
   13520.0  2.13187E-02
   13540.0  2.45972E-02
   13560.0  2.30377E-02
   13580.0  2.02598E-02
   13600.0  2.22915E-02
   13620.0  2.51396E-02
   13640.0  2.14549E-02
   13660.0  2.03860E-02
   13680.0  2.43402E-02
   13700.0  2.98405E-02
   13720.0  3.41225E-02
   13740.0  3.07764E-02
   13760.0  2.40719E-02
   13780.0  1.90746E-02
   13800.0  2.17295E-02
   13820.0  3.06472E-02
   13840.0  3.17751E-02
   13860.0  3.29250E-02
   13880.0  3.08506E-02
   13900.0  2.68932E-02
   13920.0  2.83304E-02
   13940.0  3.25297E-02
   13960.0  3.32686E-02
   13980.0  3.27271E-02
   14000.0  3.77157E-02
   14020.0  3.22220E-02
   14040.0  3.27623E-02
   14060.0  3.73327E-02
   14080.0  4.21363E-02
   14100.0  4.08396E-02
   14120.0  4.04398E-02
   14140.0  4.13149E-02
   14160.0  3.97438E-02
   14180.0  4.45287E-02
   14200.0  4.77822E-02
   14220.0  4.99342E-02
   14240.0  5.07611E-02
   14260.0  5.03477E-02
   14280.0  5.22365E-02
   14300.0  5.48923E-02
   14320.0  5.79782E-02
   14340.0  5.93771E-02
   14360.0  6.27978E-02
   14380.0  6.72314E-02
   14400.0  6.80964E-02
   14420.0  6.83169E-02
   14440.0  7.39969E-02
   14460.0  7.59233E-02
   14480.0  7.80072E-02
   14500.0  8.39386E-02
   14520.0  8.72016E-02
   14540.0  9.11273E-02
   14560.0  9.66924E-02
   14580.0  9.85993E-02
   14600.0  1.02194E-01
   14620.0  1.09301E-01
   14640.0  1.11802E-01
   14660.0  1.12656E-01
   14680.0  1.16483E-01
   14700.0  1.27972E-01
   14720.0  1.35357E-01
   14740.0  1.39157E-01
   14760.0  1.47340E-01
   14780.0  1.55307E-01
   14800.0  1.64065E-01
   14820.0  1.70315E-01
   14840.0  1.77689E-01
   14860.0  1.87145E-01
   14880.0  1.96308E-01
   14900.0  2.05123E-01
   14920.0  2.14347E-01
   14940.0  2.24415E-01
   14960.0  2.35777E-01
   14980.0  2.48155E-01
   15000.0  2.64048E-01
   15020.0  2.67026E-01
   15040.0  2.74139E-01
   15060.0  2.85832E-01
   15080.0  2.99021E-01
   15100.0  3.15438E-01
   15120.0  3.37115E-01
   15140.0  3.36544E-01
   15160.0  3.48457E-01
   15180.0  3.59953E-01
   15200.0  3.73244E-01
   15220.0  3.89186E-01
   15240.0  4.05049E-01
   15260.0  4.31870E-01
   15280.0  4.29881E-01
   15300.0  4.33321E-01
   15320.0  4.44654E-01
   15340.0  4.55278E-01
   15360.0  4.63065E-01
   15380.0  4.74370E-01
   15400.0  4.85415E-01
   15420.0  4.89972E-01
   15440.0  5.02035E-01
   15460.0  5.08664E-01
   15480.0  5.23291E-01
   15500.0  5.47482E-01
   15520.0  5.30616E-01
   15540.0  5.33012E-01
   15560.0  5.40135E-01
   15580.0  5.41678E-01
   15600.0  5.46163E-01
   15620.0  5.54435E-01
   15640.0  5.69583E-01
   15660.0  5.85518E-01
   15680.0  5.65480E-01
   15700.0  5.66332E-01
   15720.0  5.73281E-01
   15740.0  5.78947E-01
   15760.0  6.03132E-01
   15780.0  5.71448E-01
   15800.0  5.79580E-01
   15820.0  5.86292E-01
   15840.0  6.08703E-01
   15860.0  5.79372E-01
   15880.0  5.77839E-01
   15900.0  5.87935E-01
   15920.0  6.05686E-01
   15940.0  5.78078E-01
   15960.0  5.79390E-01
   15980.0  5.81258E-01
   16000.0  5.85956E-01
   16020.0  6.09693E-01
   16040.0  5.80647E-01
   16060.0  5.82244E-01
   16080.0  5.81507E-01
   16100.0  5.82122E-01
   16120.0  5.82201E-01
   16140.0  5.76784E-01
   16160.0  5.92806E-01
   16180.0  6.02505E-01
   16200.0  6.25091E-01
   16220.0  5.85316E-01
   16240.0  5.88184E-01
   16260.0  5.86824E-01
   16280.0  5.85864E-01
   16300.0  5.83374E-01
   16320.0  5.80824E-01
   16340.0  5.87441E-01
   16360.0  5.87398E-01
   16380.0  5.87064E-01
   16400.0  5.95072E-01
   16420.0  6.00320E-01
   16440.0  6.15496E-01
   16460.0  5.81950E-01
   16480.0  5.90531E-01
   16500.0  5.87317E-01
   16520.0  5.86262E-01
   16540.0  5.84727E-01
   16560.0  5.90643E-01
   16580.0  6.12144E-01
   16600.0  5.87743E-01
   16620.0  5.84725E-01
   16640.0  5.90865E-01
   16660.0  6.00886E-01
   16680.0  6.11503E-01
   16700.0  5.87178E-01
   16720.0  5.89546E-01
   16740.0  5.89440E-01
   16760.0  5.89792E-01
   16780.0  5.88389E-01
   16800.0  5.87588E-01
   16820.0  5.93224E-01
   16840.0  6.03093E-01
   16860.0  5.79353E-01
   16880.0  5.82205E-01
   16900.0  5.74983E-01
   16920.0  5.71468E-01
   16940.0  5.76062E-01
   16960.0  5.82418E-01
   16980.0  5.94368E-01
   17000.0  5.62367E-01
   17020.0  5.60714E-01
   17040.0  5.65166E-01
   17060.0  5.75136E-01
   17080.0  5.83577E-01
   17100.0  5.60566E-01
   17120.0  5.65482E-01
   17140.0  5.71290E-01
   17160.0  5.71520E-01
   17180.0  5.55771E-01
   17200.0  5.68442E-01
   17220.0  5.77472E-01
   17240.0  5.76354E-01
   17260.0  5.53558E-01
   17280.0  5.57753E-01
   17300.0  5.54500E-01
   17320.0  5.59806E-01
   17340.0  5.77935E-01
   17360.0  5.79591E-01
   17380.0  5.58293E-01
   17400.0  5.54860E-01
   17420.0  5.51307E-01
   17440.0  5.51909E-01
   17460.0  5.47876E-01
   17480.0  5.47575E-01
   17500.0  5.44391E-01
   17520.0  5.47631E-01
   17540.0  5.49628E-01
   17560.0  5.40296E-01
   17580.0  5.34776E-01
   17600.0  5.40934E-01
   17620.0  5.48974E-01
   17640.0  5.59998E-01
   17660.0  5.60126E-01
   17680.0  5.42616E-01
   17700.0  5.43864E-01
   17720.0  5.45000E-01
   17740.0  5.35734E-01
   17760.0  5.33228E-01
   17780.0  5.49338E-01
   17800.0  5.63017E-01
   17820.0  5.61230E-01
   17840.0  5.67314E-01
   17860.0  5.75547E-01
   17880.0  5.62617E-01
   17900.0  5.50932E-01
   17920.0  5.58750E-01
   17940.0  5.59704E-01
   17960.0  5.42321E-01
   17980.0  5.52067E-01
   18000.0  5.81579E-01
   18020.0  5.58154E-01
   18040.0  5.38936E-01
   18060.0  5.51839E-01
   18080.0  5.57546E-01
   18100.0  5.64678E-01
   18120.0  5.73279E-01
   18140.0  5.56929E-01
   18160.0  5.13187E-01
   18180.0  5.38722E-01
   18200.0  6.28989E-01
   18220.0  5.70182E-01
   18240.0  4.87031E-01
   18260.0  4.96264E-01
   18280.0  5.79207E-01
   18300.0  6.67744E-01
   18320.0  6.21285E-01
   18340.0  5.02044E-01
   18360.0  4.48833E-01
   18380.0  5.27148E-01
   18400.0  7.24766E-01
   18420.0  6.29106E-01
   18440.0  4.11604E-01
   18460.0  4.68826E-01
   18480.0  6.45528E-01
   18500.0  6.43992E-01
   18520.0  6.39628E-01
   18540.0  4.93942E-01
   18560.0  4.25056E-01
   18580.0  5.27306E-01
   18600.0  7.27293E-01
   18620.0  7.04355E-01
   18640.0  5.49547E-01
   18660.0  4.98554E-01
   18680.0  5.15302E-01
   18700.0  5.50069E-01
   18720.0  5.73404E-01
   18740.0  5.85467E-01
   18760.0  6.00782E-01
   18780.0  5.66983E-01
   18800.0  5.54286E-01
   18820.0  5.92686E-01
   18840.0  6.39702E-01
   18860.0  5.44318E-01
   18880.0  4.80898E-01
   18900.0  5.80895E-01
   18920.0  7.07237E-01
   18940.0  5.78002E-01
   18960.0  5.26666E-01
   18980.0  5.87054E-01
   19000.0  5.41905E-01
   19020.0  5.20068E-01
   19040.0  6.07927E-01
   19060.0  6.16498E-01
   19080.0  5.30890E-01
   19100.0  5.49572E-01
   19120.0  6.35757E-01
   19140.0  5.99884E-01
   19160.0  5.27683E-01
   19180.0  5.32906E-01
   19200.0  5.84061E-01
   19220.0  5.69027E-01
   19240.0  5.14034E-01
   19260.0  5.59519E-01
   19280.0  6.01857E-01
   19300.0  5.84088E-01
   19320.0  5.68592E-01
   19340.0  5.55294E-01
   19360.0  5.25725E-01
   19380.0  5.54070E-01
   19400.0  5.76360E-01
   19420.0  5.31120E-01
   19440.0  5.68283E-01
   19460.0  5.78634E-01
   19480.0  5.55592E-01
   19500.0  5.21667E-01
   19520.0  5.60948E-01
   19540.0  5.69097E-01
   19560.0  5.56888E-01
   19580.0  5.39625E-01
   19600.0  5.02250E-01
   19620.0  5.26736E-01
   19640.0  5.49052E-01
   19660.0  5.46283E-01
   19680.0  5.44534E-01
   19700.0  5.42660E-01
   19720.0  5.28617E-01
   19740.0  5.05328E-01
   19760.0  5.34646E-01
   19780.0  5.41078E-01
   19800.0  5.41299E-01
   19820.0  5.32101E-01
   19840.0  5.31820E-01
   19860.0  5.31678E-01
   19880.0  5.30471E-01
   19900.0  5.24546E-01
   19920.0  5.27599E-01
   19940.0  5.24817E-01
   19960.0  5.21596E-01
   19980.0  5.27137E-01
   20000.0  5.37583E-01
