-17.019
    1900.0  1.27762E-03
    1910.0  1.28937E-03
    1920.0  1.35794E-03
    1930.0  1.35442E-03
    1940.0  1.39929E-03
    1950.0  1.42952E-03
    1960.0  1.48091E-03
    1970.0  1.52231E-03
    1980.0  1.59553E-03
    1990.0  1.67319E-03
    2000.0  1.74241E-03
    2010.0  1.81371E-03
    2020.0  1.91981E-03
    2030.0  2.02166E-03
    2040.0  2.13222E-03
    2050.0  2.26120E-03
    2060.0  2.40083E-03
    2070.0  2.56964E-03
    2080.0  2.74134E-03
    2090.0  2.94217E-03
    2100.0  3.18614E-03
    2110.0  3.45373E-03
    2120.0  3.74751E-03
    2130.0  4.07372E-03
    2140.0  4.46363E-03
    2150.0  4.91032E-03
    2160.0  5.40098E-03
    2170.0  5.95727E-03
    2180.0  6.60307E-03
    2190.0  7.35595E-03
    2200.0  8.21296E-03
    2210.0  9.20600E-03
    2220.0  1.03564E-02
    2230.0  1.17043E-02
    2240.0  1.32576E-02
    2250.0  1.50694E-02
    2260.0  1.71809E-02
    2270.0  1.96464E-02
    2280.0  2.25330E-02
    2290.0  2.58997E-02
    2300.0  2.98221E-02
    2310.0  3.43925E-02
    2320.0  3.97015E-02
    2330.0  4.58158E-02
    2340.0  5.27543E-02
    2350.0  6.05398E-02
    2360.0  6.91342E-02
    2370.0  7.84198E-02
    2380.0  8.82210E-02
    2390.0  9.82954E-02
    2400.0  1.08320E-01
    2410.0  1.17984E-01
    2420.0  1.26997E-01
    2430.0  1.35049E-01
    2440.0  1.41890E-01
    2450.0  1.47446E-01
    2460.0  1.51774E-01
    2470.0  1.54910E-01
    2480.0  1.57013E-01
    2490.0  1.58285E-01
    2500.0  1.58821E-01
    2510.0  1.58844E-01
    2520.0  1.58481E-01
    2530.0  1.57766E-01
    2540.0  1.56813E-01
    2550.0  1.55698E-01
    2560.0  1.54396E-01
    2570.0  1.52998E-01
    2580.0  1.51491E-01
    2590.0  1.49823E-01
    2600.0  1.48079E-01
    2610.0  1.46168E-01
    2620.0  1.44082E-01
    2630.0  1.41854E-01
    2640.0  1.39473E-01
    2650.0  1.36944E-01
    2660.0  1.34205E-01
    2670.0  1.31326E-01
    2680.0  1.28285E-01
    2690.0  1.25107E-01
    2700.0  1.21767E-01
    2710.0  1.18285E-01
    2720.0  1.14665E-01
    2730.0  1.10903E-01
    2740.0  1.07024E-01
    2750.0  1.03068E-01
    2760.0  9.90174E-02
    2770.0  9.48879E-02
    2780.0  9.06806E-02
    2790.0  8.64190E-02
    2800.0  8.20868E-02
    2810.0  7.77071E-02
    2820.0  7.33004E-02
    2830.0  6.88794E-02
    2840.0  6.44705E-02
    2850.0  6.00949E-02
    2860.0  5.57866E-02
    2870.0  5.15881E-02
    2880.0  4.75254E-02
    2890.0  4.35954E-02
    2900.0  3.98524E-02
    2910.0  3.62919E-02
    2920.0  3.29315E-02
    2930.0  2.97951E-02
    2940.0  2.68731E-02
    2950.0  2.41784E-02
    2960.0  2.17274E-02
    2970.0  1.94949E-02
    2980.0  1.74719E-02
    2990.0  1.56618E-02
    3000.0  1.40248E-02
    3010.0  1.25545E-02
    3020.0  1.12318E-02
    3030.0  1.00518E-02
    3040.0  9.00819E-03
    3050.0  8.08408E-03
    3060.0  7.25812E-03
    3070.0  6.52189E-03
    3080.0  5.86281E-03
    3090.0  5.28299E-03
    3100.0  4.77235E-03
    3110.0  4.31896E-03
    3120.0  3.90745E-03
    3130.0  3.53508E-03
    3140.0  3.21276E-03
    3150.0  2.92300E-03
    3160.0  2.66569E-03
    3170.0  2.42626E-03
    3180.0  2.22551E-03
    3190.0  2.06043E-03
    3200.0  1.87415E-03
    3210.0  1.71385E-03
    3220.0  1.57650E-03
    3230.0  1.45353E-03
    3240.0  1.33295E-03
    3250.0  1.24407E-03
    3260.0  1.15789E-03
    3270.0  1.06316E-03
    3280.0  1.01544E-03
    3290.0  9.12332E-04
    3300.0  8.63436E-04
    3310.0  8.03230E-04
    3320.0  7.57774E-04
    3330.0  7.02598E-04
    3340.0  6.62704E-04
    3350.0  6.13760E-04
    3360.0  5.78978E-04
    3370.0  5.49578E-04
    3380.0  5.16874E-04
    3390.0  4.76062E-04
    3400.0  4.71674E-04
    3410.0  4.36102E-04
    3420.0  4.06656E-04
    3430.0  3.84052E-04
    3440.0  3.63886E-04
    3450.0  3.50216E-04
    3460.0  3.25360E-04
    3470.0  3.00160E-04
    3480.0  2.82876E-04
    3490.0  2.85862E-04
    3500.0  2.66642E-04
    3520.0  2.46854E-04
    3540.0  2.26230E-04
    3560.0  2.08276E-04
    3580.0  1.91588E-04
    3600.0  1.76446E-04
    3620.0  1.63808E-04
    3640.0  1.52356E-04
    3660.0  1.41742E-04
    3680.0  1.32310E-04
    3700.0  1.23720E-04
    3720.0  1.15966E-04
    3740.0  1.08780E-04
    3760.0  1.02676E-04
    3780.0  9.58900E-05
    3800.0  9.03500E-05
    3820.0  8.54380E-05
    3840.0  8.08480E-05
    3860.0  7.66780E-05
    3880.0  7.22680E-05
    3900.0  6.86920E-05
    3920.0  6.52820E-05
    3940.0  6.20520E-05
    3960.0  5.91500E-05
    3980.0  5.65780E-05
    4000.0  5.37180E-05
    4020.0  5.12680E-05
    4040.0  4.86660E-05
    4060.0  4.64120E-05
    4080.0  4.46280E-05
    4100.0  4.26380E-05
    4120.0  4.06900E-05
    4140.0  3.90960E-05
    4160.0  3.75060E-05
    4180.0  3.58820E-05
    4200.0  3.42740E-05
    4220.0  3.28440E-05
    4240.0  3.14660E-05
    4260.0  3.00020E-05
    4280.0  2.90140E-05
    4300.0  2.76860E-05
    4320.0  2.65380E-05
    4340.0  2.52680E-05
    4360.0  2.42800E-05
    4380.0  2.34120E-05
    4400.0  2.25040E-05
    4420.0  2.14620E-05
    4440.0  2.05760E-05
    4460.0  1.95660E-05
    4480.0  1.87560E-05
    4500.0  1.80600E-05
    4520.0  1.72860E-05
    4540.0  1.65520E-05
    4560.0  1.59440E-05
    4580.0  1.53280E-05
    4600.0  1.46140E-05
    4620.0  1.39820E-05
    4640.0  1.33260E-05
    4660.0  1.29000E-05
    4680.0  1.23680E-05
    4700.0  1.18260E-05
    4720.0  1.13840E-05
    4740.0  1.11880E-05
    4760.0  1.05720E-05
    4780.0  1.01060E-05
    4800.0  9.66800E-06
    4820.0  9.28600E-06
    4840.0  9.05000E-06
    4860.0  8.89600E-06
    4880.0  8.22200E-06
    4900.0  8.03600E-06
    4920.0  7.76000E-06
    4940.0  7.33000E-06
    4960.0  7.00000E-06
    4980.0  6.96200E-06
    5000.0  6.53800E-06
    5020.0  6.31200E-06
    5040.0  6.31600E-06
    5060.0  5.84000E-06
    5080.0  5.74000E-06
    5100.0  5.38800E-06
    5120.0  5.11200E-06
    5140.0  5.06200E-06
    5160.0  4.89200E-06
    5180.0  4.78200E-06
    5200.0  4.62800E-06
    5220.0  4.50000E-06
    5240.0  4.39600E-06
    5260.0  4.36800E-06
    5280.0  4.06200E-06
    5300.0  3.83800E-06
    5320.0  3.71800E-06
    5340.0  3.68000E-06
    5360.0  3.51600E-06
    5380.0  3.38600E-06
    5400.0  3.26200E-06
    5420.0  3.15800E-06
    5440.0  3.09800E-06
    5460.0  3.01000E-06
    5480.0  2.91600E-06
    5500.0  2.83600E-06
    5520.0  2.79800E-06
    5540.0  2.77400E-06
    5560.0  2.57200E-06
    5580.0  2.45200E-06
    5600.0  2.43800E-06
    5620.0  2.31000E-06
    5640.0  2.19200E-06
    5660.0  2.18400E-06
    5680.0  2.20800E-06
    5700.0  2.08800E-06
    5720.0  1.91000E-06
    5740.0  2.01400E-06
    5760.0  2.07400E-06
    5780.0  1.93000E-06
    5800.0  1.86600E-06
    5820.0  1.72000E-06
    5840.0  1.65200E-06
    5860.0  1.64800E-06
    5880.0  1.67600E-06
    5900.0  1.62200E-06
    5920.0  1.53800E-06
    5940.0  1.58200E-06
    5960.0  1.54600E-06
    5980.0  1.50400E-06
    6000.0  1.37800E-06
    6020.0  1.36200E-06
    6040.0  1.29400E-06
    6060.0  1.20800E-06
    6080.0  1.32200E-06
    6100.0  1.29400E-06
    6120.0  1.16400E-06
    6140.0  1.15200E-06
    6160.0  1.10200E-06
    6180.0  1.07600E-06
    6200.0  1.16400E-06
    6220.0  1.12400E-06
    6240.0  1.00400E-06
    6260.0  9.24000E-07
    6280.0  9.00000E-07
    6300.0  9.46000E-07
    6320.0  1.01800E-06
    6340.0  9.06000E-07
    6360.0  8.00000E-07
    6380.0  9.16000E-07
    6400.0  9.94000E-07
    6420.0  9.04000E-07
    6440.0  8.84000E-07
    6460.0  9.02000E-07
    6480.0  8.92000E-07
    6500.0  8.36000E-07
    6520.0  7.82000E-07
    6540.0  8.34000E-07
    6560.0  9.32000E-07
    6580.0  8.92000E-07
    6600.0  7.94000E-07
    6620.0  7.26000E-07
    6640.0  7.26000E-07
    6660.0  7.74000E-07
    6680.0  7.50000E-07
    6700.0  7.04000E-07
    6720.0  6.92000E-07
    6740.0  7.14000E-07
    6760.0  7.76000E-07
    6780.0  7.96000E-07
    6800.0  6.84000E-07
    6820.0  6.42000E-07
    6840.0  6.30000E-07
    6860.0  6.38000E-07
    6880.0  6.42000E-07
    6900.0  7.64000E-07
    6920.0  6.46000E-07
    6940.0  6.52000E-07
    6960.0  6.00000E-07
    6980.0  4.40000E-07
    7000.0  5.26000E-07
    7020.0  6.80000E-07
    7040.0  7.36000E-07
    7060.0  8.04000E-07
    7080.0  6.80000E-07
    7100.0  6.50000E-07
    7120.0  6.74000E-07
    7140.0  4.82000E-07
    7160.0  5.64000E-07
    7180.0  5.94000E-07
    7200.0  6.00000E-07
    7220.0  6.68000E-07
    7240.0  6.56000E-07
    7260.0  7.14000E-07
    7280.0  6.76000E-07
    7300.0  4.30000E-07
    7320.0  5.82000E-07
    7340.0  6.46000E-07
    7360.0  6.32000E-07
    7380.0  6.02000E-07
    7400.0  6.66000E-07
    7420.0  7.58000E-07
    7440.0  6.92000E-07
    7460.0  6.88000E-07
    7480.0  5.46000E-07
    7500.0  6.78000E-07
    7520.0  7.64000E-07
    7540.0  5.26000E-07
    7560.0  5.72000E-07
    7580.0  6.70000E-07
    7600.0  7.34000E-07
    7620.0  7.22000E-07
    7640.0  6.74000E-07
    7660.0  8.66000E-07
    7680.0  7.98000E-07
    7700.0  7.98000E-07
    7720.0  7.18000E-07
    7740.0  7.12000E-07
    7760.0  9.82000E-07
    7780.0  8.42000E-07
    7800.0  7.50000E-07
    7820.0  7.44000E-07
    7840.0  9.24000E-07
    7860.0  8.94000E-07
    7880.0  9.58000E-07
    7900.0  9.30000E-07
    7920.0  9.96000E-07
    7940.0  1.10000E-06
    7960.0  1.06200E-06
    7980.0  1.19000E-06
    8000.0  1.18600E-06
    8020.0  8.82000E-07
    8040.0  1.16800E-06
    8060.0  1.22200E-06
    8080.0  1.19400E-06
    8100.0  1.38800E-06
    8120.0  1.25000E-06
    8140.0  1.20000E-06
    8160.0  1.47800E-06
    8180.0  1.62800E-06
    8200.0  1.23800E-06
    8220.0  1.22000E-06
    8240.0  1.48000E-06
    8260.0  1.50800E-06
    8280.0  1.66600E-06
    8300.0  1.66600E-06
    8320.0  1.54200E-06
    8340.0  1.74000E-06
    8360.0  1.66600E-06
    8380.0  1.70600E-06
    8400.0  1.86200E-06
    8420.0  1.94200E-06
    8440.0  2.20200E-06
    8460.0  2.12800E-06
    8480.0  2.00800E-06
    8500.0  1.89400E-06
    8520.0  1.98000E-06
    8540.0  2.46600E-06
    8560.0  2.62800E-06
    8580.0  2.51000E-06
    8600.0  1.33840E-05
    8620.0 -7.44000E-07
    8640.0  2.01000E-06
    8660.0  7.72600E-06
    8680.0  3.29000E-06
    8700.0  5.30800E-06
    8720.0  3.17000E-06
    8740.0  2.51600E-06
    8760.0 -2.15000E-06
    8780.0  5.52000E-07
    8800.0 -3.99600E-06
    8820.0  4.43600E-06
    8840.0  3.39800E-06
    8860.0  6.34000E-07
    8880.0  2.46000E-06
    8900.0  5.24800E-06
    8920.0  2.38400E-06
    8940.0  4.92000E-07
    8960.0  7.20000E-08
    8980.0  4.05400E-06
    9000.0  2.01400E-06
    9020.0  2.55600E-06
    9040.0  5.34000E-07
    9060.0  4.92000E-07
    9080.0  1.51200E-06
    9100.0  1.01200E-06
    9120.0 -2.76000E-06
    9140.0  8.88000E-07
    9160.0  1.45400E-06
    9180.0  2.54400E-06
    9200.0  2.84200E-06
    9220.0  2.78000E-06
    9240.0  6.56000E-07
    9260.0  2.39600E-06
    9280.0  1.76800E-06
    9300.0  3.22200E-06
    9320.0  2.42200E-06
    9340.0  1.73400E-06
    9360.0  1.91400E-06
    9380.0  2.08600E-06
    9400.0  2.73000E-06
    9420.0  2.58000E-06
    9440.0  6.02000E-07
    9460.0  1.00000E-06
    9480.0  1.83400E-06
    9500.0  2.56600E-06
    9520.0  1.51400E-06
    9540.0  1.98000E-06
    9560.0  7.74000E-07
    9580.0  4.20000E-07
    9600.0  2.15600E-06
    9620.0  1.70400E-06
    9640.0  1.57000E-06
    9660.0  1.63200E-06
    9680.0  1.40600E-06
    9700.0  1.14000E-06
    9720.0  1.44600E-06
    9740.0  1.98400E-06
    9760.0  1.83400E-06
    9780.0  2.33800E-06
    9800.0  1.76400E-06
    9820.0  2.02800E-06
    9840.0  1.81200E-06
    9860.0  1.28200E-06
    9880.0  1.00000E-06
    9900.0  1.89600E-06
    9920.0  1.28800E-06
    9940.0  1.25200E-06
    9960.0  1.60800E-06
    9980.0  9.52000E-07
   10000.0  1.42400E-06
   10020.0  1.70200E-06
   10040.0  1.16400E-06
   10060.0  7.18000E-07
   10080.0  9.48000E-07
   10100.0  1.35000E-06
   10120.0  1.39000E-06
   10140.0  1.25000E-06
   10160.0  1.45200E-06
   10180.0  1.23800E-06
   10200.0  1.19800E-06
   10220.0  1.18400E-06
   10240.0  5.44000E-07
   10260.0  8.54000E-07
   10280.0  1.54200E-06
   10300.0  1.29800E-06
   10320.0  1.19200E-06
   10340.0  8.74000E-07
   10360.0  5.24000E-07
   10380.0  1.61600E-06
   10400.0  2.19800E-06
   10420.0  1.59600E-06
   10440.0  1.32400E-06
   10460.0  1.19800E-06
   10480.0  1.23600E-06
   10500.0  1.45200E-06
   10520.0  1.06800E-06
   10540.0  1.12800E-06
   10560.0  7.80000E-07
   10580.0  4.18000E-07
   10600.0  1.06000E-06
   10620.0  1.41400E-06
   10640.0  5.70000E-07
   10660.0  3.74000E-07
   10680.0  5.96000E-07
   10700.0  6.18000E-07
   10720.0  8.08000E-07
   10740.0  8.22000E-07
   10760.0  8.04000E-07
   10780.0  9.48000E-07
   10800.0  4.74000E-07
   10820.0  3.62000E-07
   10840.0  1.24800E-06
   10860.0  8.44000E-07
   10880.0  1.13600E-06
   10900.0  8.46000E-07
   10920.0  6.20000E-07
   10940.0  2.02000E-07
   10960.0  8.04000E-07
   10980.0  1.14800E-06
   11000.0  7.82000E-07
   11020.0  8.10000E-07
   11040.0  6.66000E-07
   11060.0  7.08000E-07
   11080.0  1.03000E-06
   11100.0  3.26000E-07
   11120.0  6.48000E-07
   11140.0  6.98000E-07
   11160.0  4.26000E-07
   11180.0  4.52000E-07
   11200.0  7.02000E-07
   11220.0  4.60000E-07
   11240.0  7.74000E-07
   11260.0  7.32000E-07
   11280.0  8.94000E-07
   11300.0  7.70000E-07
   11320.0  1.01400E-06
   11340.0  8.24000E-07
   11360.0  6.30000E-07
   11380.0  6.72000E-07
   11400.0  3.78000E-07
   11420.0  4.60000E-07
   11440.0  3.76000E-07
   11460.0  4.44000E-07
   11480.0  2.78000E-07
   11500.0  6.08000E-07
   11520.0  7.42000E-07
   11540.0  5.52000E-07
   11560.0  6.90000E-07
   11580.0  1.04200E-06
   11600.0  5.36000E-07
   11620.0  2.95000E-07
   11640.0  2.84000E-07
   11660.0  7.44000E-07
   11680.0  9.26000E-07
   11700.0  2.74000E-07
   11720.0  4.32000E-07
   11740.0  5.46000E-07
   11760.0  8.96000E-07
   11780.0  2.44000E-07
   11800.0  1.39800E-06
   11820.0 -1.62000E-07
   11840.0  7.10000E-07
   11860.0  2.92000E-07
   11880.0  8.10000E-07
   11900.0  2.50000E-07
   11920.0  7.60000E-08
   11940.0  6.40000E-07
   11960.0  6.56000E-07
   11980.0  3.83000E-07
   12000.0  4.84000E-07
   12020.0  1.60000E-07
   12040.0  8.52000E-07
   12060.0  6.52000E-07
   12080.0  2.20000E-08
   12100.0  1.66000E-07
   12120.0  9.20000E-08
   12140.0  1.28000E-07
   12160.0  1.02800E-06
   12180.0  4.46000E-07
   12200.0  2.82000E-07
   12220.0  4.82000E-07
   12240.0  1.24000E-07
   12260.0  1.28000E-07
   12280.0  5.76000E-07
   12300.0  5.60000E-08
   12320.0  6.32000E-07
   12340.0  1.64000E-07
   12360.0  2.54000E-07
   12380.0 -1.00000E-08
   12400.0  2.54000E-07
   12420.0  1.09200E-06
   12440.0  5.60000E-07
   12460.0  3.04000E-07
   12480.0  2.94000E-07
   12500.0  4.54000E-07
   12520.0  4.60000E-07
   12540.0  8.08000E-07
   12560.0  4.06000E-07
   12580.0  5.34000E-07
   12600.0  5.04000E-07
   12620.0 -3.80000E-08
   12640.0  2.36000E-07
   12660.0  2.72000E-07
   12680.0  2.60000E-07
   12700.0  1.22000E-07
   12720.0  6.32000E-07
   12740.0  1.14400E-06
   12760.0  2.92000E-07
   12780.0  1.64000E-07
   12800.0 -2.88000E-07
   12820.0 -1.68000E-07
   12840.0  3.08000E-07
   12860.0  7.90000E-07
   12880.0  1.80000E-08
   12900.0  4.66000E-07
   12920.0  7.94000E-07
   12940.0  3.60000E-07
   12960.0  3.40000E-08
   12980.0  6.40000E-08
   13000.0 -2.00000E-09
   13020.0  6.44000E-07
   13040.0  2.92000E-07
   13060.0  1.30000E-07
   13080.0 -1.30000E-08
   13100.0  3.40000E-08
   13120.0  4.06000E-07
   13140.0 -4.08000E-07
   13160.0  5.00000E-08
   13180.0  5.14000E-07
   13200.0  4.24000E-07
   13220.0  3.50000E-07
   13240.0  4.00000E-07
   13260.0  2.22000E-07
   13280.0  2.60000E-08
   13300.0  8.32000E-07
   13320.0  5.26000E-07
   13340.0 -6.60000E-08
   13360.0 -4.72000E-07
   13380.0  2.94000E-07
   13400.0  2.76000E-07
   13420.0  3.58000E-07
   13440.0 -3.60000E-08
   13460.0 -9.80000E-08
   13480.0  3.66000E-07
   13500.0  4.80000E-08
   13520.0  3.16000E-07
   13540.0  9.56000E-07
   13560.0  2.08000E-07
   13580.0  2.32000E-07
   13600.0  1.24000E-07
   13620.0  6.12000E-07
   13640.0  1.08000E-07
   13660.0 -2.28000E-07
   13680.0 -4.62000E-07
   13700.0  2.00000E-07
   13720.0  5.80000E-07
   13740.0  2.12000E-07
   13760.0  3.36000E-07
   13780.0 -1.44000E-07
   13800.0 -3.84000E-07
   13820.0  6.60000E-08
   13840.0 -1.16000E-07
   13860.0 -1.48000E-07
   13880.0  4.60000E-08
   13900.0  1.74000E-07
   13920.0  1.64000E-07
   13940.0  1.10000E-07
   13960.0 -1.06000E-07
   13980.0  2.34000E-07
   14000.0  4.60000E-07
   14020.0  6.10000E-08
   14040.0 -4.04000E-07
   14060.0 -1.16000E-07
   14080.0  1.00000E-08
   14100.0 -2.36000E-07
   14120.0 -6.60000E-08
   14140.0  4.06000E-07
   14160.0  2.82000E-07
   14180.0  2.56000E-07
   14200.0  3.84000E-07
   14220.0  2.14000E-07
   14240.0  4.16000E-07
   14260.0  4.20000E-07
   14280.0  5.60000E-08
   14300.0 -6.00000E-09
   14320.0  2.76000E-07
   14340.0  1.08000E-07
   14360.0  7.80000E-08
   14380.0 -4.60000E-08
   14400.0  6.40000E-08
   14420.0  2.92000E-07
   14440.0  8.46000E-07
   14460.0  2.52000E-07
   14480.0 -1.26000E-07
   14500.0  4.60000E-08
   14520.0 -1.05000E-07
   14540.0 -1.96000E-07
   14560.0  1.86000E-07
   14580.0 -1.06000E-07
   14600.0  9.00000E-08
   14620.0  3.58000E-07
   14640.0  1.02000E-07
   14660.0 -3.64000E-07
   14680.0  4.06000E-07
   14700.0  5.20000E-08
   14720.0 -1.92000E-07
   14740.0 -2.28000E-07
   14760.0 -3.54000E-07
   14780.0  8.80000E-08
   14800.0  1.84000E-07
   14820.0  2.52000E-07
   14840.0  5.44000E-07
   14860.0  6.40000E-08
   14880.0 -3.02000E-07
   14900.0  2.12000E-07
   14920.0  4.84000E-07
   14940.0 -4.94000E-07
   14960.0 -2.20000E-08
   14980.0 -1.60000E-07
   15000.0  2.72000E-07
   15020.0  1.06000E-07
   15040.0 -1.08000E-07
   15060.0  7.60000E-08
   15080.0  3.90000E-07
   15100.0 -1.40000E-07
   15120.0 -2.78000E-07
   15140.0  1.80000E-07
   15160.0  1.72000E-07
   15180.0 -5.58000E-07
   15200.0 -5.24000E-07
   15220.0 -2.92000E-07
   15240.0  5.04000E-07
   15260.0 -2.44000E-07
   15280.0 -2.92000E-07
   15300.0 -1.90000E-07
   15320.0  4.80000E-08
   15340.0 -3.82000E-07
   15360.0  1.60000E-08
   15380.0  5.38000E-07
   15400.0 -3.01000E-07
   15420.0 -4.24000E-07
   15440.0 -7.26000E-07
   15460.0 -1.90000E-07
   15480.0 -1.04000E-07
   15500.0  7.76000E-07
   15520.0  3.50000E-07
   15540.0 -2.40000E-08
   15560.0  1.56000E-07
   15580.0  1.14000E-07
   15600.0  2.10000E-07
   15620.0 -5.80000E-08
   15640.0 -1.04000E-07
   15660.0  6.00000E-09
   15680.0 -9.14000E-07
   15700.0 -4.62000E-07
   15720.0 -4.92000E-07
   15740.0 -2.26000E-07
   15760.0 -4.10000E-08
   15780.0 -6.00000E-08
   15800.0 -1.60000E-07
   15820.0 -1.00000E-07
   15840.0 -3.28000E-07
   15860.0  5.40000E-08
   15880.0  1.64000E-07
   15900.0  9.66000E-07
   15920.0 -8.30000E-07
   15940.0 -1.21200E-06
   15960.0  3.88000E-07
   15980.0 -5.52000E-07
   16000.0  9.40000E-08
   16020.0 -8.52000E-07
   16040.0  1.22000E-07
   16060.0  5.24000E-07
   16080.0 -8.90000E-07
   16100.0  4.28000E-07
   16120.0  4.64000E-07
   16140.0 -2.16000E-07
   16160.0 -7.10000E-07
   16180.0  3.38000E-07
   16200.0 -7.04000E-07
   16220.0 -5.62000E-07
   16240.0 -1.00000E-07
   16260.0  2.00000E-08
   16280.0 -2.76000E-07
   16300.0 -4.74000E-07
   16320.0 -3.80000E-08
   16340.0 -4.32000E-07
   16360.0 -4.56000E-07
   16380.0 -3.36000E-07
   16400.0 -1.74000E-07
   16420.0 -6.74000E-07
   16440.0  2.00000E-09
   16460.0 -6.00000E-09
   16480.0  3.22000E-07
   16500.0 -6.50000E-07
   16520.0  1.26000E-07
   16540.0  1.90000E-07
   16560.0 -3.66000E-07
   16580.0  4.16000E-07
   16600.0 -9.00000E-08
   16620.0 -4.18000E-07
   16640.0 -1.16000E-07
   16660.0  1.88000E-07
   16680.0  4.00000E-08
   16700.0 -1.12000E-07
   16720.0 -1.54000E-07
   16740.0  1.28000E-07
   16760.0 -3.80000E-08
   16780.0 -4.30000E-07
   16800.0 -6.40000E-08
   16820.0  6.60000E-07
   16840.0  1.04000E-07
   16860.0 -1.39200E-06
   16880.0 -1.20000E-08
   16900.0 -5.50000E-07
   16920.0  8.20000E-08
   16940.0  4.00000E-08
   16960.0 -4.96000E-07
   16980.0 -4.92000E-07
   17000.0 -4.38000E-07
   17020.0 -6.02000E-07
   17040.0  1.32000E-07
   17060.0 -4.22000E-07
   17080.0 -9.42000E-07
   17100.0 -6.90000E-07
   17120.0 -4.60000E-08
   17140.0  5.20000E-08
   17160.0 -1.62000E-07
   17180.0 -7.94000E-07
   17200.0  2.84000E-07
   17220.0 -3.84000E-07
   17240.0  2.24000E-07
   17260.0 -3.04000E-07
   17280.0  2.66000E-07
   17300.0  8.96000E-07
   17320.0  2.06000E-07
   17340.0 -7.32000E-07
   17360.0  3.98000E-07
   17380.0 -1.24000E-07
   17400.0 -3.68000E-07
   17420.0 -4.00000E-07
   17440.0 -5.42000E-07
   17460.0 -1.19200E-06
   17480.0 -4.22000E-07
   17500.0  8.42000E-07
   17520.0  1.61200E-06
   17540.0 -3.78000E-07
   17560.0 -1.04000E-06
   17580.0 -1.19400E-06
   17600.0 -1.24200E-06
   17620.0  7.40000E-08
   17640.0  8.20000E-07
   17660.0  7.46000E-07
   17680.0 -2.36000E-07
   17700.0 -1.06000E-07
   17720.0  7.82000E-07
   17740.0  7.38000E-07
   17760.0  1.35600E-06
   17780.0  6.58000E-07
   17800.0 -5.38000E-07
   17820.0 -9.24000E-07
   17840.0  2.22000E-07
   17860.0  6.00000E-08
   17880.0 -7.06000E-07
   17900.0 -2.76000E-07
   17920.0  3.22000E-07
   17940.0  2.40000E-07
   17960.0  4.26000E-07
   17980.0  1.80000E-07
   18000.0 -6.70000E-07
   18020.0 -9.54000E-07
   18040.0 -5.46000E-07
   18060.0 -1.64000E-07
   18080.0  4.86000E-07
   18100.0  2.28000E-07
   18120.0 -8.72000E-07
   18140.0  1.94000E-07
   18160.0  8.80000E-07
   18180.0 -1.80000E-07
   18200.0 -2.40000E-08
   18220.0 -2.14000E-07
   18240.0 -5.00000E-07
   18260.0  2.22000E-07
   18280.0  6.56000E-07
   18300.0 -1.32800E-06
   18320.0 -1.12800E-06
   18340.0  1.66000E-07
   18360.0 -1.16000E-06
   18380.0 -5.52000E-07
   18400.0 -1.16000E-06
   18420.0 -2.92000E-07
   18440.0  1.89600E-06
   18460.0  8.60000E-07
   18480.0 -8.40000E-08
   18500.0  7.94000E-07
   18520.0 -8.52000E-07
   18540.0 -4.16000E-07
   18560.0  8.40000E-08
   18580.0 -5.80000E-08
   18600.0  1.66600E-06
   18620.0 -1.58200E-06
   18640.0  8.98000E-07
   18660.0  9.42000E-07
   18680.0 -6.60000E-07
   18700.0 -7.36000E-07
   18720.0  2.48000E-07
   18740.0  2.15200E-06
   18760.0  7.96000E-07
   18780.0 -4.64000E-07
   18800.0 -8.14000E-07
   18820.0  7.12000E-07
   18840.0 -2.15200E-06
   18860.0 -4.54000E-07
   18880.0 -1.07600E-06
   18900.0 -1.29600E-06
   18920.0 -1.27600E-06
   18940.0 -2.30000E-06
   18960.0 -4.56000E-07
   18980.0  1.24600E-06
   19000.0 -1.32600E-06
   19020.0 -3.04000E-07
   19040.0 -3.70000E-07
   19060.0  5.04000E-07
   19080.0  2.66000E-07
   19100.0  4.84000E-07
   19120.0 -2.30600E-06
   19140.0  2.60000E-08
   19160.0 -7.14000E-07
   19180.0 -2.90000E-07
   19200.0  8.98000E-07
   19220.0  2.90000E-06
   19240.0 -4.00000E-08
   19260.0 -1.75000E-06
   19280.0 -1.14600E-06
   19300.0 -9.58000E-07
   19320.0  9.20000E-07
   19340.0  9.78000E-07
   19360.0 -7.72000E-07
   19380.0 -2.31000E-06
   19400.0 -3.32000E-07
   19420.0 -1.22600E-06
   19440.0  2.49600E-06
   19460.0  8.00000E-08
   19480.0 -1.48400E-06
   19500.0 -3.06000E-07
   19520.0  3.14000E-07
   19540.0  1.34000E-06
   19560.0 -1.15400E-06
   19580.0 -9.48000E-07
   19600.0  1.63400E-06
   19620.0  1.20000E-06
   19640.0  2.06000E-07
   19660.0  1.15000E-06
   19680.0 -9.54000E-07
   19700.0  2.52400E-06
   19720.0  1.02000E-07
   19740.0 -2.59800E-06
   19760.0 -1.06200E-06
   19780.0 -5.16000E-07
   19800.0  5.46000E-07
   19820.0  9.26000E-07
   19840.0 -2.34000E-06
   19860.0 -1.22000E-06
   19880.0  6.66000E-07
   19900.0 -2.31400E-06
   19920.0 -1.34800E-06
   19940.0 -6.14000E-07
   19960.0 -6.20000E-08
   19980.0 -1.00000E-07
   20000.0  7.28000E-07
